word;neg_count;pos_count;neg/tot;total
as we know;100;215;0.317;315
comparable to;1;1;0.5;2
film ultimately;57;162;0.26;219
have gone;19;53;0.264;72
have made it;2;1;0.667;3
his entire;43;113;0.276;156
his sense;1;1;0.5;2
hope to;221;727;0.233;948
ian;8;19;0.296;27
in manner;1;0;1.0;1
insecure;2;0;1.0;2
insecure in;1;0;1.0;1
loyalty and;1;2;0.333;3
make it great;2;6;0.25;8
may well;134;350;0.277;484
none can;31;70;0.307;101
nostalgia for the;1;5;0.167;6
of complex;182;550;0.249;732
abel;1;1;0.5;2
abel ferrara;1;0;1.0;1
agent;3;11;0.214;14
and high octane;3;10;0.231;13
and not one;52;181;0.223;233
and outer;1;2;0.333;3
and over;1;2;0.333;3
and pieces;6;16;0.273;22
band;2;1;0.667;3
by which;12;31;0.279;43
characterizations and;10;18;0.357;28
comfort in;9;15;0.375;24
comfortably;1;2;0.333;3
congratulatory;79;249;0.241;328
darker;5;7;0.417;12
darkly funny;1;0;1.0;1
destiny;2;13;0.133;15
director many;2;1;0.667;3
domestic abuse;3;3;0.5;6
fear dot com;140;405;0.257;545
few big;1;3;0.25;4
in your;23;71;0.245;94
incoherent;1;0;1.0;1
it is almost;6;29;0.171;35
janice beard;6;9;0.4;15
janklowicz;2;1;0.667;3
melodrama into something;5;18;0.217;23
mile;317;924;0.255;1241
most haunting;39;106;0.269;145
of nostalgic;6;4;0.6;10
of not;2;0;1.0;2
one man and;10;66;0.132;76
accuracy of;6;0;1.0;6
best this is;2;5;0.286;7
damaged people;1;1;0.5;2
film that will;1;2;0.333;3
indistinct;3;4;0.429;7
making;10;15;0.4;25
performances keep;1;2;0.333;3
poorly;13;30;0.302;43
alias betty is;60;193;0.237;253
also is;220;785;0.219;1005
amalgam;3;5;0.375;8
as cutting;2;1;0.667;3
college comedy;2;5;0.286;7
marina;1;2;0.333;3
of urgency;2;6;0.25;8
age drama;12;20;0.375;32
as well as;3;5;0.375;8
be sweet;4;15;0.211;19
contradictory;7;20;0.259;27
contrasting the;3;0;1.0;3
credit;68;188;0.266;256
ecks vs sever;3;3;0.5;6
girl power;20;46;0.303;66
give the;1;0;1.0;1
good hearted;3;13;0.188;16
grown;4;4;0.5;8
human face;1;0;1.0;1
is negligible;1;0;1.0;1
like so;3;8;0.273;11
like so much;3;8;0.273;11
menacing atmosphere;5;8;0.385;13
middle aged romance;1;5;0.167;6
neither the;2;3;0.4;5
nelson;2;3;0.4;5
power of the;10;17;0.37;27
authenticity of;18;66;0.214;84
awake;3;2;0.6;5
awakening;1;2;0.333;3
behan memoir;1;1;0.5;2
boredom;2;1;0.667;3
characters this;1;2;0.333;3
charms of;15;37;0.288;52
convincingly;8;24;0.25;32
cop drama;2;0;1.0;2
david and goliath;31;91;0.254;122
day to;1;0;1.0;1
day to day;1;0;1.0;1
down in;4;4;0.5;8
down memory;1;3;0.25;4
dramatic substance;5;14;0.263;19
dramatics;2;0;1.0;2
feel is;2;1;0.667;3
induces;8;24;0.25;32
inept;1;1;0.5;2
lesser works;41;84;0.328;125
members;6;29;0.171;35
memoir is;1;1;0.5;2
adopt;41;110;0.272;151
adroitly;1;0;1.0;1
adult;1;0;1.0;1
and carries;2;2;0.5;4
and it doesn;49;98;0.333;147
and life;3;1;0.75;4
bisset;2;0;1.0;2
boys has;2;2;0.5;4
claims;6;26;0.188;32
cliche ridden;2;1;0.667;3
compensate;1;2;0.333;3
competence;1;0;1.0;1
get kick;12;32;0.273;44
get kick out;1;0;1.0;1
halfway;34;88;0.279;122
horizons;1;0;1.0;1
importance;55;157;0.259;212
is matter of;2;7;0.222;9
jackson and;3;6;0.333;9
junkie;9;30;0.231;39
latest installment;3;14;0.176;17
made up;1;1;0.5;2
made with;1;1;0.5;2
made with an;1;0;1.0;1
malaise;1;4;0.2;5
material that;27;87;0.237;114
matter of taste;1;0;1.0;1
never gets;1;1;0.5;2
never have;1;1;0.5;2
octane;4;27;0.129;31
pain;16;41;0.281;57
advised;10;29;0.256;39
artifice and;1;0;1.0;1
artifice that;1;0;1.0;1
arty;1;0;1.0;1
at last;1;2;0.333;3
because she;1;0;1.0;1
because the;1;0;1.0;1
cast are;1;0;1.0;1
comedy of;5;7;0.417;12
excess in;1;0;1.0;1
fact that it;1;0;1.0;1
friendly;43;97;0.307;140
hideous;16;51;0.239;67
hilariously;1;1;0.5;2
it certainly an;8;17;0.32;25
its visual;7;18;0.28;25
long it;6;24;0.2;30
many recent;1;0;1.0;1
nature and;7;17;0.292;24
plot may;7;33;0.175;40
are not;10;33;0.233;43
are paper thin;2;3;0.4;5
but that;1;2;0.333;3
can see where;10;32;0.238;42
can swallow;4;2;0.667;6
frustrated;12;36;0.25;48
it nowhere near;2;0;1.0;2
of sense;1;3;0.25;4
or its;3;19;0.136;22
panic room;1;1;0.5;2
are at;2;1;0.667;3
authenticity;1;2;0.333;3
fury;11;29;0.275;40
ghoulish;16;46;0.258;62
goodfellas;2;0;1.0;2
like most;3;5;0.375;8
actors in;4;11;0.267;15
back to;1;2;0.333;3
be among the;23;46;0.333;69
be but;1;0;1.0;1
beautiful to;2;1;0.667;3
but if;3;15;0.167;18
by michel;11;27;0.289;38
chaotic;2;15;0.118;17
dire;8;29;0.216;37
enveloping;40;86;0.317;126
five years;2;4;0.333;6
fixating;2;2;0.5;4
gravity;2;6;0.25;8
gray;1;2;0.333;3
if it had;1;2;0.333;3
it is based;1;0;1.0;1
moldy;9;6;0.6;15
molly;1;0;1.0;1
not at;8;14;0.364;22
and uplifting;5;32;0.135;37
base;2;3;0.4;5
baseball;1;0;1.0;1
far better;8;22;0.267;30
far fetched;2;2;0.5;4
for everyone;4;23;0.148;27
for fans;4;21;0.16;25
for film;1;3;0.25;4
has been lost;60;210;0.222;270
has the feel;5;13;0.278;18
if the;3;7;0.3;10
informative;17;77;0.181;94
inner and;1;3;0.25;4
level of the;2;4;0.333;6
mean;1;0;1.0;1
not only does;76;208;0.268;284
not you;3;4;0.429;7
of pacino;1;0;1.0;1
physically;64;259;0.198;323
place;1;1;0.5;2
place alongside;1;1;0.5;2
aimed at;6;2;0.75;8
all by;3;1;0.75;4
at work;46;96;0.324;142
ball of;2;3;0.4;5
is movie you;1;2;0.333;3
and poignant;3;6;0.333;9
finding;3;6;0.333;9
made more;1;1;0.5;2
of cliches and;6;11;0.353;17
apted;8;25;0.242;33
ararat;1;1;0.5;2
arbitrary;1;1;0.5;2
be described;2;0;1.0;2
fizzles;2;8;0.2;10
flags;1;1;0.5;2
fondly remembered;2;2;0.5;4
jonah;2;2;0.5;4
abundance of;6;32;0.158;38
and should have;40;103;0.28;143
and sluggish;1;0;1.0;1
burr steers;1;8;0.111;9
but none;3;7;0.3;10
conduct;4;7;0.364;11
could;8;33;0.195;41
dolls;1;1;0.5;2
field and;12;45;0.211;57
funny comedy;7;27;0.206;34
jfk;4;7;0.364;11
jia;4;7;0.364;11
just gone;9;8;0.529;17
lifetime;15;49;0.234;64
me without you;1;1;0.5;2
nomination;7;19;0.269;26
by james;3;2;0.6;5
his best;1;5;0.167;6
angst;52;116;0.31;168
capable;2;0;1.0;2
carry;4;8;0.333;12
cinderella;21;63;0.25;84
cinema master;2;4;0.333;6
companion piece;1;1;0.5;2
detailed;8;15;0.348;23
details are;2;2;0.5;4
events that could;3;9;0.25;12
great deal of;9;30;0.231;39
great films about;4;4;0.5;8
in mystery;42;142;0.228;184
intermittently;2;1;0.667;3
not mean;7;19;0.269;26
of fun and;1;0;1.0;1
of the times;1;1;0.5;2
powers films;65;132;0.33;197
pretension in;4;5;0.444;9
pretentious;1;3;0.25;4
and humor and;3;4;0.429;7
as either;10;23;0.303;33
celebrates the human;2;7;0.222;9
cheap thriller;4;9;0.308;13
delivers what;1;4;0.2;5
deuces;23;45;0.338;68
doesn always;49;97;0.336;146
doesn need;1;1;0.5;2
earmarks;9;13;0.409;22
extravaganzas;1;0;1.0;1
have just;4;7;0.364;11
in as;1;0;1.0;1
is that there;7;7;0.5;14
ll feel;4;4;0.5;8
no interest;1;1;0.5;2
nose;3;5;0.375;8
not being;11;51;0.177;62
pleasant;3;6;0.333;9
portrayals that are;2;2;0.5;4
portraying;1;1;0.5;2
aftertaste;3;1;0.75;4
cycle;4;9;0.308;13
easier;1;0;1.0;1
movie final;1;0;1.0;1
opposed;1;7;0.125;8
opposed to the;1;3;0.25;4
bard;2;2;0.5;4
burkina faso;1;4;0.2;5
heart in;3;11;0.214;14
its heart in;4;6;0.4;10
knows how;7;14;0.333;21
like the;1;1;0.5;2
modern times;2;0;1.0;2
against itself;3;10;0.231;13
and deeper;17;63;0.212;80
and everything;2;1;0.667;3
anybody who;3;4;0.429;7
arnie;3;4;0.429;7
arnold;2;0;1.0;2
arnold is;2;0;1.0;2
brusqueness;1;0;1.0;1
carpenter ghosts of;1;1;0.5;2
disjointed;1;4;0.2;5
divine secrets;41;112;0.268;153
fantasy and;5;20;0.2;25
fantasy sequences;1;0;1.0;1
fascinating little;3;3;0.5;6
from hong kong;7;13;0.35;20
memory and;2;1;0.667;3
not for;7;23;0.233;30
not go;1;3;0.25;4
on subject;3;5;0.375;8
people;3;4;0.429;7
ahead of him;1;5;0.167;6
an unforgettable;1;1;0.5;2
at least one;11;18;0.379;29
epiphany;3;5;0.375;8
frame one;1;6;0.143;7
freight train of;10;42;0.192;52
gaps in;1;4;0.2;5
garbage;1;0;1.0;1
ideas about;1;1;0.5;2
is about as;9;15;0.375;24
is akin;2;1;0.667;3
is content;1;0;1.0;1
just can;4;15;0.211;19
be over;1;0;1.0;1
in 1915;2;0;1.0;2
is difficult;3;10;0.231;13
is undercut;3;8;0.273;11
is worse the;3;5;0.375;8
it lacks the;1;0;1.0;1
momentary;1;0;1.0;1
must have read;2;0;1.0;2
nijinsky;1;2;0.333;3
nijinsky diaries;1;2;0.333;3
packed with;1;4;0.2;5
packs;1;2;0.333;3
padded;1;0;1.0;1
acted by;2;11;0.154;13
acted by the;1;1;0.5;2
adam sandler;1;2;0.333;3
adams;1;1;0.5;2
and sickeningly;3;7;0.3;10
be much;3;12;0.2;15
conspicuous;1;0;1.0;1
cry for;19;35;0.352;54
discover;5;6;0.455;11
fast moving and;3;30;0.091;33
few good;1;1;0.5;2
for cable;8;11;0.421;19
in 1995;1;1;0.5;2
in reality;11;43;0.204;54
in recent years;1;0;1.0;1
inelegant;1;0;1.0;1
intelligent person to;2;4;0.333;6
intelligent romantic;1;2;0.333;3
intermingling;4;6;0.4;10
is instead;12;23;0.343;35
keep;4;23;0.148;27
movie or;3;1;0.75;4
muddy;2;6;0.25;8
mugs;1;0;1.0;1
my little;4;6;0.4;10
nor does;1;1;0.5;2
of certain;6;19;0.24;25
of chan;2;1;0.667;3
performer;3;8;0.273;11
ponderous and;1;3;0.25;4
diary;2;1;0.667;3
fears;4;11;0.267;15
it far;6;18;0.25;24
know what;2;0;1.0;2
are the;1;0;1.0;1
golf;18;35;0.34;53
in getting under;5;33;0.132;38
in his latest;1;1;0.5;2
like;2;6;0.25;8
my father;1;1;0.5;2
not much of;3;5;0.375;8
not single;1;0;1.0;1
our attention;1;0;1.0;1
papin;3;14;0.176;17
pearl;16;25;0.39;41
penchant;1;0;1.0;1
predictable as;7;5;0.583;12
pretty woman;1;0;1.0;1
and place;4;8;0.333;12
because you re;1;3;0.25;4
forgiveness;4;5;0.444;9
liven;2;2;0.5;4
overcomes its questionable;3;8;0.273;11
and spirit;5;22;0.185;27
coma;2;4;0.333;6
combination of bad;1;0;1.0;1
dark and;4;11;0.267;15
fused with;4;14;0.222;18
futile;1;4;0.2;5
is in the;1;3;0.25;4
it unlikely;2;1;0.667;3
morvern;1;1;0.5;2
morvern callar;1;0;1.0;1
mournfully;1;3;0.25;4
of acting;1;0;1.0;1
connect the;3;5;0.375;8
crisp and;3;5;0.375;8
from little;4;6;0.4;10
helmer;18;38;0.321;56
indie;1;5;0.167;6
it comes to;1;0;1.0;1
it lacks;3;0;1.0;3
it lacks in;1;0;1.0;1
not strictly;6;16;0.273;22
onto;10;10;0.5;20
open ended;1;0;1.0;1
and gross;8;32;0.2;40
bites;1;0;1.0;1
blood;12;16;0.429;28
blossom;6;6;0.5;12
bona fide;1;8;0.111;9
boobs;1;1;0.5;2
choice for;1;0;1.0;1
hollywood fantasies;2;4;0.333;6
hollywood fluff;1;2;0.333;3
it is still;3;2;0.6;5
jonze;6;19;0.24;25
numbingly dull;15;23;0.395;38
plain bad;11;23;0.324;34
portraying the;2;11;0.154;13
deeply felt;3;8;0.273;11
in january;5;20;0.2;25
move me;2;2;0.5;4
action cartoon;2;2;0.5;4
happy;26;61;0.299;87
it doesn take;1;0;1.0;1
lady and the;6;15;0.286;21
made from;1;0;1.0;1
or her;1;1;0.5;2
already seen this;1;0;1.0;1
audience members;1;0;1.0;1
deserves to be;2;1;0.667;3
doesn;2;2;0.5;4
end that;1;1;0.5;2
frames;9;16;0.36;25
goldie hawn;3;1;0.75;4
in between the;2;7;0.222;9
in birthday;1;1;0.5;2
insults;11;26;0.297;37
is filled with;3;0;1.0;3
no place;7;52;0.119;59
no satisfaction;1;4;0.2;5
original in;4;2;0.667;6
at some;1;1;0.5;2
does such;2;2;0.5;4
half baked;1;1;0.5;2
half but;1;1;0.5;2
he gets;2;1;0.667;3
about changing;8;23;0.258;31
apart;1;0;1.0;1
at the time;1;2;0.333;3
bluster;1;0;1.0;1
but it has;1;0;1.0;1
but it holds;1;0;1.0;1
every conceivable;5;9;0.357;14
every corner;4;5;0.444;9
evidence;9;12;0.429;21
from new;2;0;1.0;2
graceless;3;8;0.273;11
here you;7;12;0.368;19
ireland;4;2;0.667;6
life or;2;10;0.167;12
like the work;2;3;0.4;5
look much;23;72;0.242;95
man quest;4;20;0.167;24
man quest to;1;2;0.333;3
master of;3;3;0.5;6
much longer;4;5;0.444;9
of either;2;2;0.5;4
of serial killers;2;10;0.167;12
of war;6;18;0.25;24
people already;27;67;0.287;94
aged romance;1;1;0.5;2
already be;1;0;1.0;1
bros;4;14;0.222;18
dish;2;0;1.0;2
effectively creepy;11;27;0.289;38
effort in;1;0;1.0;1
flicks go;20;70;0.222;90
huston;1;0;1.0;1
hypocrisy of;5;5;0.5;10
in its complexity;1;11;0.083;12
in its execution;1;0;1.0;1
in which we;2;5;0.286;7
in word;1;2;0.333;3
more attention;2;3;0.4;5
movie is little;1;1;0.5;2
nine queens;7;4;0.636;11
ninety minutes;1;2;0.333;3
one long;1;0;1.0;1
perfectly acceptable;8;7;0.533;15
perform;1;2;0.333;3
poet;4;15;0.211;19
aspirations;3;2;0.6;5
don be fooled;21;45;0.318;66
drink;27;76;0.262;103
drowns out the;1;0;1.0;1
for much;1;2;0.333;3
for much of;1;0;1.0;1
for national;1;0;1.0;1
gets;1;3;0.25;4
good;3;9;0.25;12
good acting;1;1;0.5;2
is notable for;1;0;1.0;1
its contrivances;1;3;0.25;4
obnoxious;2;9;0.182;11
assembled;18;35;0.34;53
depiction of the;5;8;0.385;13
down to the;12;24;0.333;36
it almost worth;3;7;0.3;10
it tells;2;2;0.5;4
need to be;2;2;0.5;4
perception;1;0;1.0;1
played in;2;0;1.0;2
and forth;2;7;0.222;9
appalled;14;44;0.241;58
as new;1;1;0.5;2
bad but;6;6;0.5;12
but it never;2;1;0.667;3
center of;1;4;0.2;5
center of the;1;1;0.5;2
different and;1;2;0.333;3
directs the;5;10;0.333;15
elvis;2;9;0.182;11
if only it;1;1;0.5;2
it also not;1;1;0.5;2
know how;2;2;0.5;4
leaves bad taste;3;2;0.6;5
lil;1;0;1.0;1
phony;1;3;0.25;4
piece the;1;0;1.0;1
prevents the;1;0;1.0;1
and generally;11;20;0.355;31
busting;1;2;0.333;3
got some;2;4;0.333;6
in many;14;23;0.378;37
innocence and;1;1;0.5;2
is off;2;2;0.5;4
life the;1;1;0.5;2
loud and;1;3;0.25;4
accomplishes;3;15;0.167;18
but never;3;3;0.5;6
car chases;3;0;1.0;3
epic treatment;2;5;0.286;7
fallon;3;8;0.273;11
gender;18;44;0.29;62
hanks;3;15;0.167;18
have its;2;5;0.286;7
in character;1;0;1.0;1
in the era;12;35;0.255;47
in the form;3;3;0.5;6
isn worth;3;0;1.0;3
isolation;3;0;1.0;3
like every;6;15;0.286;21
more silly;6;12;0.333;18
nuanced;8;21;0.276;29
nuanced performance;1;0;1.0;1
nuances;1;0;1.0;1
of john;1;1;0.5;2
out as;3;4;0.429;7
born;1;0;1.0;1
but like;3;16;0.158;19
christian love;1;1;0.5;2
if you re;2;4;0.333;6
infinitely;2;11;0.154;13
invest;1;0;1.0;1
is kaufman script;1;4;0.2;5
it if;1;3;0.25;4
movie that as;1;1;0.5;2
nearly as;2;8;0.2;10
one would;14;33;0.298;47
and intelligence;2;0;1.0;2
another best;1;2;0.333;3
comes off;1;5;0.167;6
comes off as;1;2;0.333;3
heartbreak;1;2;0.333;3
hearted;5;7;0.417;12
heartfelt;2;0;1.0;2
his storytelling;1;1;0.5;2
minor miracle;1;0;1.0;1
performances of the;2;0;1.0;2
banger sisters;2;1;0.667;3
being in the;3;3;0.5;6
clashes;1;3;0.25;4
improved upon;4;5;0.444;9
in the final;8;22;0.267;30
is full of;1;5;0.167;6
its makers;7;16;0.304;23
its mark;2;1;0.667;3
movies have;12;27;0.308;39
on top of;1;1;0.5;2
oozes;1;1;0.5;2
oozing;1;1;0.5;2
football;3;4;0.429;7
lampoon film;1;0;1.0;1
men and;3;0;1.0;3
not hold;5;14;0.263;19
and justice;1;0;1.0;1
break through;2;2;0.5;4
combines;1;0;1.0;1
combines the;1;0;1.0;1
commentary;4;10;0.286;14
coral;6;15;0.286;21
cracker;1;5;0.167;6
ensemble comedy that;2;0;1.0;2
es;2;0;1.0;2
filmmakers;1;1;0.5;2
good is;1;2;0.333;3
good it;1;2;0.333;3
narrative logic;1;0;1.0;1
of hell;3;4;0.429;7
an unexpectedly;1;1;0.5;2
and paulette;2;13;0.133;15
armenian;2;2;0.5;4
coffee;2;1;0.667;3
dreary and;5;12;0.294;17
drumline;1;0;1.0;1
duck;1;0;1.0;1
forgettably;1;2;0.333;3
its heart on;1;0;1.0;1
jean reno;5;5;0.5;10
pensar;2;1;0.667;3
at any;2;0;1.0;2
capturing;2;1;0.667;3
capturing the;1;0;1.0;1
cheer;6;18;0.25;24
even be;1;5;0.167;6
franco;2;2;0.5;4
is by no;1;1;0.5;2
issues with;3;3;0.5;6
king;5;6;0.455;11
as hollywood;2;6;0.25;8
comprehensible;4;27;0.129;31
fun at;4;6;0.4;10
fun but;1;4;0.2;5
intensely;1;5;0.167;6
making movies;3;0;1.0;3
almost in;1;4;0.2;5
amari;1;1;0.5;2
but when;1;2;0.333;3
concern;9;20;0.31;29
could just;1;1;0.5;2
delightful comedy;3;10;0.231;13
fine documentary;7;18;0.28;25
fine performances;1;3;0.25;4
has preceded;1;2;0.333;3
hey;1;0;1.0;1
in its;2;3;0.4;5
is above;2;1;0.667;3
it falls short;1;3;0.25;4
movements;1;1;0.5;2
movies this;23;67;0.256;90
mr deeds;1;2;0.333;3
animals;1;0;1.0;1
are all more;1;0;1.0;1
bastard;9;20;0.31;29
blue crush;4;6;0.4;10
demanding;12;25;0.324;37
jump in;1;2;0.333;3
jumps;1;1;0.5;2
of water is;3;11;0.214;14
on which;1;3;0.25;4
overkill;18;32;0.36;50
overrun by;1;0;1.0;1
african american;1;5;0.167;6
and even if;2;2;0.5;4
are still;4;10;0.286;14
cardboard;3;3;0.5;6
denzel washington;1;0;1.0;1
disease of;1;2;0.333;3
farrelly;1;3;0.25;4
know it;1;0;1.0;1
know that;1;0;1.0;1
material in;1;1;0.5;2
notch;1;1;0.5;2
notches;1;1;0.5;2
often than not;10;16;0.385;26
particularly for;1;5;0.167;6
pony;2;9;0.182;11
aggravating;6;9;0.4;15
and an insult;2;2;0.5;4
and another;2;1;0.667;3
as good as;2;0;1.0;2
as gory;1;0;1.0;1
em;1;1;0.5;2
exercise;3;1;0.75;4
insight;6;39;0.133;45
insight and;2;3;0.4;5
insight into the;2;1;0.667;3
insight that;2;1;0.667;3
is worthwhile;1;6;0.143;7
it says;1;0;1.0;1
just as much;3;7;0.3;10
just because;1;2;0.333;3
mixed;1;0;1.0;1
mixed bag;1;0;1.0;1
nevertheless;3;5;0.375;8
about nothing;1;1;0.5;2
accidental;1;2;0.333;3
adventurous;3;5;0.375;8
and telegraphed;2;9;0.182;11
and terrible;1;4;0.2;5
are hardly;8;36;0.182;44
be made;2;1;0.667;3
cinematic equivalent;2;4;0.333;6
dumb;4;7;0.364;11
dumb but;1;0;1.0;1
dumb movie;1;0;1.0;1
handle the;2;1;0.667;3
handled;1;0;1.0;1
hint of;3;1;0.75;4
horrible movie;3;22;0.12;25
movie ever made;1;0;1.0;1
out screaming;15;30;0.333;45
plight of;3;1;0.75;4
all these;1;0;1.0;1
bad company;3;2;0.6;5
be rewarded;1;1;0.5;2
child;3;3;0.5;6
chilling tale;1;1;0.5;2
curiosity;2;8;0.2;10
curiosity about;2;4;0.333;6
displays;5;14;0.263;19
distanced;4;6;0.4;10
few minutes;2;2;0.5;4
few of;2;1;0.667;3
is in his;1;0;1.0;1
it well;3;4;0.429;7
jackie chan;1;0;1.0;1
just what;7;15;0.318;22
of everything;1;2;0.333;3
of evidence;1;1;0.5;2
of extreme;1;0;1.0;1
people who live;2;4;0.333;6
posturing;12;22;0.353;34
potential as;5;4;0.556;9
collision of;1;4;0.2;5
community theater;1;7;0.125;8
como;1;1;0.5;2
last 20;6;9;0.4;15
audience will;1;0;1.0;1
barely feature;2;3;0.4;5
bullets for;1;2;0.333;3
gets full;3;5;0.375;8
gets off the;1;1;0.5;2
in flat;1;1;0.5;2
it impossible to;3;5;0.375;8
clearly;2;10;0.167;12
dumas classic;4;3;0.571;7
has learned;2;1;0.667;3
just about everything;1;0;1.0;1
larger than;1;0;1.0;1
meaningful;1;1;0.5;2
nothing about;5;23;0.179;28
and bullock;1;0;1.0;1
are fascinating;1;7;0.125;8
are few;1;2;0.333;3
audience with;1;1;0.5;2
diesel;1;1;0.5;2
for cheap;1;0;1.0;1
is every bit;1;6;0.143;7
james bond movie;3;7;0.3;10
prison;2;1;0.667;3
and over the;1;0;1.0;1
and overly;1;0;1.0;1
brought;1;1;0.5;2
detective;2;6;0.25;8
drop dead;1;1;0.5;2
extreme ops;2;0;1.0;2
gibberish;1;0;1.0;1
miss;2;16;0.111;18
of life;8;22;0.267;30
of life in;1;0;1.0;1
past;13;38;0.255;51
and time;4;10;0.286;14
as much as;2;3;0.4;5
guys is;1;2;0.333;3
idemoto;4;6;0.4;10
camera than;9;18;0.333;27
good old;2;1;0.667;3
good old fashioned;2;0;1.0;2
harland williams;1;5;0.167;6
in another;1;4;0.2;5
into an;1;1;0.5;2
into another;1;1;0.5;2
it from;16;31;0.34;47
likable;2;4;0.333;6
middle of the;4;4;0.5;8
no discernible;1;8;0.111;9
of matthew shepard;1;5;0.167;6
overwhelms the;1;3;0.25;4
poignant and;3;25;0.107;28
family film;1;0;1.0;1
first film;1;1;0.5;2
first frame to;1;1;0.5;2
is slight;5;11;0.312;16
lost the;2;3;0.4;5
mystery science theater;1;4;0.2;5
again and;1;0;1.0;1
behaving badly;5;16;0.238;21
behavior;2;1;0.667;3
detailing;1;0;1.0;1
execution of;1;4;0.2;5
ins;1;0;1.0;1
interrupted;7;13;0.35;20
intertwined;3;6;0.333;9
interview;1;1;0.5;2
is life affirming;1;1;0.5;2
it cannot;4;9;0.308;13
it work of;1;8;0.111;9
narrative of;1;3;0.25;4
of dealing;20;48;0.294;68
of familial;1;1;0.5;2
of family;1;0;1.0;1
only dull;3;3;0.5;6
dismissed;5;5;0.5;10
even more;2;0;1.0;2
failure to;1;4;0.2;5
film is not;1;0;1.0;1
folks it;2;0;1.0;2
him;1;0;1.0;1
keep parents;1;15;0.062;16
like all;12;21;0.364;33
mart;2;2;0.5;4
michelle;1;0;1.0;1
patch adams;3;7;0.3;10
patchy;2;1;0.667;3
and you ve;1;2;0.333;3
anything else;5;23;0.179;28
case with;4;7;0.364;11
director tom;1;7;0.125;8
director walter hill;1;1;0.5;2
film about;1;2;0.333;3
for director;2;1;0.667;3
is pleasant enough;2;7;0.222;9
alfred hitchcock;1;0;1.0;1
attention to detail;10;13;0.435;23
beijing;2;2;0.5;4
bring fresh;1;0;1.0;1
do in;4;7;0.364;11
does leave;4;4;0.5;8
doesn give us;1;1;0.5;2
doesn go;1;1;0.5;2
dread;3;6;0.333;9
eloquently;3;12;0.2;15
else this;1;1;0.5;2
ends in;3;6;0.333;9
especially as;3;6;0.333;9
few points;2;1;0.667;3
is little;4;13;0.235;17
it weren;1;0;1.0;1
life but;1;0;1.0;1
overstated;1;2;0.333;3
pathetic as;6;14;0.3;20
pathology;1;1;0.5;2
pauly;13;28;0.317;41
and pieces of;1;0;1.0;1
bring on;4;10;0.286;14
bullwinkle;1;0;1.0;1
by the people;10;24;0.294;34
clasico;14;25;0.359;39
classics;2;3;0.4;5
escape from;3;0;1.0;3
feels as;2;7;0.222;9
gai;1;1;0.5;2
it fails;1;0;1.0;1
leaks;3;5;0.375;8
of vignettes;2;3;0.4;5
of violence;2;3;0.4;5
able;1;0;1.0;1
barely stays afloat;4;7;0.364;11
be given;2;4;0.333;6
black comedy;1;0;1.0;1
bled;1;3;0.25;4
by mr;1;2;0.333;3
by way of;1;0;1.0;1
could say;2;2;0.5;4
glimmer;1;0;1.0;1
idiocy of;1;1;0.5;2
of french cinema;4;7;0.364;11
of tolkien;1;0;1.0;1
cobbled together;1;1;0.5;2
coming back;2;5;0.286;7
director dover kosashvili;1;4;0.2;5
director george;1;2;0.333;3
kind of material;2;6;0.25;8
marks;2;10;0.167;12
an awkward;2;8;0.2;10
as straight drama;1;1;0.5;2
cipher;1;0;1.0;1
distinguished;3;3;0.5;6
everything its;2;7;0.222;9
exudes the;1;1;0.5;2
flawed film;2;0;1.0;2
low tech;3;16;0.158;19
lower;1;0;1.0;1
ludicrous;6;19;0.24;25
numbingly;1;2;0.333;3
piano;1;13;0.071;14
an angel;1;0;1.0;1
as teen;1;1;0.5;2
by david;1;0;1.0;1
by its;1;2;0.333;3
confused;5;5;0.5;10
confusing;5;5;0.5;10
elegant;7;20;0.259;27
genre is;1;7;0.125;8
order to;4;3;0.571;7
famuyiwa;9;11;0.45;20
has made in;1;2;0.333;3
phillip noyce;1;1;0.5;2
an incredibly;2;9;0.182;11
early 80s;1;0;1.0;1
engrossing;1;0;1.0;1
fun in this;11;18;0.379;29
is all too;3;32;0.086;35
is an earnest;1;2;0.333;3
mighty;4;6;0.4;10
musical;1;7;0.125;8
not everything;1;3;0.25;4
on true;1;6;0.143;7
phenomenon;1;5;0.167;6
photo;1;1;0.5;2
powers in goldmember;1;1;0.5;2
premise and;5;14;0.263;19
probably not;3;2;0.6;5
cube;3;6;0.333;9
hard to resist;3;5;0.375;8
has just;1;0;1.0;1
movies or;3;5;0.375;8
10th;1;3;0.25;4
comedy the;4;20;0.167;24
comes;2;3;0.4;5
elizabeth;1;3;0.25;4
gives performance;1;4;0.2;5
insipid;2;13;0.133;15
into comedy;1;1;0.5;2
masterpiece and;1;4;0.2;5
might want to;1;0;1.0;1
perspective of;2;2;0.5;4
pleasure in;5;11;0.312;16
outsiders;5;15;0.25;20
pressure;4;1;0.8;5
contrived overblown and;1;3;0.25;4
following your;1;1;0.5;2
fresh faced;1;0;1.0;1
is rich;1;0;1.0;1
is ripe;1;0;1.0;1
action movie but;1;0;1.0;1
and its audience;1;0;1.0;1
appears that;7;14;0.333;21
blob;1;1;0.5;2
can stomach;1;1;0.5;2
character piece;1;1;0.5;2
director sam;1;2;0.333;3
family drama and;1;0;1.0;1
family dynamics;1;0;1.0;1
is more depressing;1;2;0.333;3
kids the island;3;5;0.375;8
of 2002;1;3;0.25;4
of cat;2;0;1.0;2
of storytelling;1;1;0.5;2
about schmidt;1;0;1.0;1
camouflage;2;4;0.333;6
doing;2;5;0.286;7
don care about;1;0;1.0;1
ever so;1;2;0.333;3
hundreds of;2;10;0.167;12
in trouble;2;7;0.222;9
is going;2;10;0.167;12
leave you;1;0;1.0;1
license;3;0;1.0;3
movie or the;1;2;0.333;3
nasty;1;2;0.333;3
neighbor;1;0;1.0;1
notice;1;0;1.0;1
precision;4;4;0.5;8
precision of;1;2;0.333;3
are moments of;1;0;1.0;1
damon;1;2;0.333;3
economic;2;0;1.0;2
enticing and;1;1;0.5;2
kick out of;3;7;0.3;10
kicks in;1;0;1.0;1
blade ii is;1;0;1.0;1
blade is;1;0;1.0;1
builds to;2;3;0.4;5
characters;3;2;0.6;5
have all;2;2;0.5;4
improvement;2;5;0.286;7
limits;1;3;0.25;4
more successful;2;1;0.667;3
pleasing;5;10;0.333;15
be more than;1;1;0.5;2
crafted but;3;10;0.231;13
director zhang;2;4;0.333;6
adults as;2;0;1.0;2
chimpanzees;2;4;0.333;6
china;1;1;0.5;2
epicenter of;1;0;1.0;1
french coming of;2;2;0.5;4
french director;1;0;1.0;1
in each;1;3;0.25;4
more than two;1;0;1.0;1
of the sopranos;1;2;0.333;3
one year;1;3;0.25;4
film like;3;2;0.6;5
fresh air;1;1;0.5;2
fuller;1;4;0.2;5
giving the;7;22;0.241;29
has been told;1;1;0.5;2
manages the;2;11;0.154;13
people were;1;2;0.333;3
alpha;1;0;1.0;1
as the characters;1;4;0.2;5
at times but;1;0;1.0;1
be the first;3;17;0.15;20
depth;4;9;0.308;13
don want to;1;2;0.333;3
drama and;2;4;0.333;6
eccentric;1;0;1.0;1
friend;1;4;0.2;5
it doesn quite;1;2;0.333;3
ll find;1;1;0.5;2
medical;2;2;0.5;4
of cultures and;2;9;0.182;11
often is;1;9;0.1;10
one and you;1;4;0.2;5
avoid;1;3;0.25;4
casting of the;1;2;0.333;3
castro;1;2;0.333;3
definitive;2;4;0.333;6
doesn take;1;0;1.0;1
for their;2;0;1.0;2
great monster;2;8;0.2;10
have to admit;1;5;0.167;6
material that is;1;2;0.333;3
didactic;1;5;0.167;6
literally;1;0;1.0;1
abundantly;1;1;0.5;2
an innocent;1;0;1.0;1
being john malkovich;21;53;0.284;74
believable and;4;6;0.4;10
bowling for columbine;1;1;0.5;2
first by;2;5;0.286;7
friel and;2;3;0.4;5
on so;1;0;1.0;1
an idea;1;1;0.5;2
condescension;1;0;1.0;1
don care;2;4;0.333;6
dual;3;6;0.333;9
goes out;4;16;0.2;20
hunter;1;2;0.333;3
just don;13;24;0.351;37
notes;1;0;1.0;1
absurd;7;17;0.292;24
and pee;1;2;0.333;3
bees;1;3;0.25;4
before;1;3;0.25;4
brawny;1;4;0.2;5
case for;1;0;1.0;1
for all ages;1;2;0.333;3
offer any;10;38;0.208;48
on the way;1;4;0.2;5
play is;1;0;1.0;1
bed;1;2;0.333;3
centering on;6;7;0.462;13
conceived and;1;4;0.2;5
daughter from danang;1;4;0.2;5
documentaries;1;2;0.333;3
healthy;1;4;0.2;5
hope;1;1;0.5;2
hope and;1;1;0.5;2
humane;1;0;1.0;1
in for;1;1;0.5;2
much funnier;1;2;0.333;3
much further;1;1;0.5;2
about one thing;1;1;0.5;2
dream;4;4;0.5;8
haven been;2;2;0.5;4
edge of your;1;1;0.5;2
on any number;1;1;0.5;2
passes for;2;1;0.667;3
cut above;5;3;0.625;8
dearth;10;29;0.256;39
low key;1;3;0.25;4
of living;1;0;1.0;1
older;1;0;1.0;1
blast;1;7;0.125;8
confirms the;2;1;0.667;3
craftsmanship;1;0;1.0;1
gooding;1;0;1.0;1
it doesn even;1;0;1.0;1
it doesn give;1;0;1.0;1
movie as;1;2;0.333;3
or not;1;0;1.0;1
our;1;1;0.5;2
out from the;3;14;0.176;17
back to your;1;0;1.0;1
defines;1;4;0.2;5
defining;1;0;1.0;1
haunts;2;7;0.222;9
make for;3;3;0.5;6
amused;1;1;0.5;2
best movie;4;18;0.182;22
depressed;6;15;0.286;21
introspective;1;1;0.5;2
is so often;1;8;0.111;9
jealousy in;2;2;0.5;4
after next is;8;16;0.333;24
after seeing this;1;1;0.5;2
an excuse to;2;3;0.4;5
clean;1;0;1.0;1
colorful and;3;3;0.5;6
engaging and;1;0;1.0;1
engaging enough;1;0;1.0;1
food;1;1;0.5;2
lips;3;4;0.429;7
love doesn;7;8;0.467;15
makes all;5;9;0.357;14
many levels;2;5;0.286;7
outcome and;1;2;0.333;3
and sci;1;2;0.333;3
cool to;2;0;1.0;2
feature director;2;4;0.333;6
america culture;1;1;0.5;2
apart from;5;10;0.333;15
brings out;1;3;0.25;4
excellent cast;2;1;0.667;3
is hilarious;4;7;0.364;11
kim;2;0;1.0;2
outshine the;3;8;0.273;11
career as;1;1;0.5;2
cinematography is;1;5;0.167;6
more interesting;1;1;0.5;2
documentary but;2;0;1.0;2
itself in the;2;4;0.333;6
left me;3;8;0.273;11
left of;1;0;1.0;1
of impact;2;2;0.5;4
bear;1;1;0.5;2
by its own;1;2;0.333;3
cliches with;3;8;0.273;11
clint;1;0;1.0;1
late;4;3;0.571;7
part it;3;5;0.375;8
accessible and;1;1;0.5;2
coen brothers and;1;1;0.5;2
down the road;1;3;0.25;4
for lot;3;9;0.25;12
its impact;1;6;0.143;7
middle class;1;3;0.25;4
broadly;1;0;1.0;1
has managed to;1;6;0.143;7
life into;1;2;0.333;3
moving portrait of;1;3;0.25;4
adequate;1;1;0.5;2
car;2;1;0.667;3
dean;2;5;0.286;7
gracefully;3;2;0.6;5
origins;1;5;0.167;6
and fear;3;3;0.5;6
annals;1;3;0.25;4
but what makes;1;3;0.25;4
can say;1;0;1.0;1
costume and;3;2;0.6;5
human nature;2;1;0.667;3
nap;2;6;0.25;8
previous movies;2;3;0.4;5
prey;1;1;0.5;2
desire and;7;11;0.389;18
despite some;1;1;0.5;2
doesn make for;1;1;0.5;2
have come;1;0;1.0;1
ll get;1;5;0.167;6
of hopeful;5;1;0.833;6
of humor;5;7;0.417;12
of post;1;0;1.0;1
ah na;1;1;0.5;2
grin;1;0;1.0;1
has never;10;27;0.27;37
moving story;7;18;0.28;25
of this film;4;2;0.667;6
arguably;1;1;0.5;2
arguably the;1;1;0.5;2
charm the;2;6;0.25;8
films it;5;12;0.294;17
is just the;2;0;1.0;2
just follow;7;9;0.438;16
of which;1;6;0.143;7
only by;1;3;0.25;4
an intelligent;2;3;0.4;5
diversion;1;1;0.5;2
film final;1;0;1.0;1
good thing;1;3;0.25;4
inspirational;1;0;1.0;1
breathtakingly;1;2;0.333;3
by someone;1;1;0.5;2
is matched;1;2;0.333;3
laughs;2;6;0.25;8
assume;2;3;0.4;5
development in;1;3;0.25;4
doesn deserve;5;23;0.179;28
fair;2;16;0.111;18
gone straight to;2;7;0.222;9
near the;1;7;0.125;8
parodia;2;3;0.4;5
half dozen;3;1;0.75;4
into it;1;5;0.167;6
into its;1;1;0.5;2
overwhelmed by;2;1;0.667;3
better but;1;0;1.0;1
picture it;1;2;0.333;3
anyone else;5;7;0.417;12
bucks;1;8;0.111;9
care of my;3;11;0.214;14
care to;1;0;1.0;1
ain;6;13;0.316;19
all comedy;1;0;1.0;1
and this is;3;0;1.0;3
and why;2;3;0.4;5
as shallow;1;1;0.5;2
be released;1;0;1.0;1
collective;2;0;1.0;2
combine;1;2;0.333;3
company and;2;4;0.333;6
comparable;1;0;1.0;1
for self;2;0;1.0;2
gently;1;1;0.5;2
guess;2;2;0.5;4
gunfire;4;3;0.571;7
movies and;1;1;0.5;2
much of anything;1;0;1.0;1
comedy and;1;1;0.5;2
destination;3;2;0.6;5
drama with;1;3;0.25;4
first rate;1;0;1.0;1
most ardent fans;1;0;1.0;1
only is;1;2;0.333;3
enough material to;8;16;0.333;24
enough to;2;2;0.5;4
family friendly;1;0;1.0;1
films that seems;2;0;1.0;2
intellectual;2;0;1.0;2
its attempts to;1;1;0.5;2
late in;1;0;1.0;1
love it;1;2;0.333;3
movie tries;1;0;1.0;1
never come;1;0;1.0;1
over the;11;52;0.175;63
actors and;1;3;0.25;4
and goliath;2;4;0.333;6
but it;1;0;1.0;1
but it also;1;0;1.0;1
but it an;1;0;1.0;1
good performances;2;2;0.5;4
couples;1;2;0.333;3
most powerful;7;24;0.226;31
action or;5;31;0.139;36
and ambitious;1;1;0.5;2
and engaging;1;1;0.5;2
at the;3;3;0.5;6
book on;2;1;0.667;3
book the;2;0;1.0;2
created for;2;3;0.4;5
doing its;4;5;0.444;9
invaluable;2;2;0.5;4
is more than;1;2;0.333;3
lack of;1;1;0.5;2
morality tale;1;0;1.0;1
morally;1;0;1.0;1
not enough to;3;9;0.25;12
of himself;2;0;1.0;2
of minor;1;1;0.5;2
of the thriller;2;2;0.5;4
predictable as the;3;2;0.6;5
defined;1;2;0.333;3
go to the;1;0;1.0;1
grip;8;10;0.444;18
her personal;6;31;0.162;37
here seems;2;4;0.333;6
if this movie;1;3;0.25;4
mothman prophecies;5;17;0.227;22
not once;1;0;1.0;1
offers the;1;0;1.0;1
powerfully;2;4;0.333;6
blues;2;1;0.667;3
borrowed;2;0;1.0;2
community in;4;4;0.5;8
from the script;2;7;0.222;9
from the sixth;1;1;0.5;2
hal;2;0;1.0;2
hal hartley;2;0;1.0;2
her film is;1;3;0.25;4
in mind;4;4;0.5;8
mood rather;2;0;1.0;2
not exactly;1;7;0.125;8
comedy drama;1;4;0.2;5
ever wondered what;2;2;0.5;4
is such;1;0;1.0;1
is such high;1;0;1.0;1
of themes;1;1;0.5;2
best efforts;2;2;0.5;4
big fat greek;1;0;1.0;1
book;2;2;0.5;4
book but;1;0;1.0;1
grandfather;2;1;0.667;3
monkeys;1;0;1.0;1
of honesty;2;8;0.2;10
of hope;1;0;1.0;1
as can;1;0;1.0;1
formulaic and;1;0;1.0;1
genre has;1;0;1.0;1
interested to;1;1;0.5;2
ivan;1;1;0.5;2
like horrible;2;5;0.286;7
mouth;1;2;0.333;3
of too many;1;14;0.067;15
of toy;1;8;0.111;9
achieve;1;1;0.5;2
home alabama is;1;0;1.0;1
ish;2;6;0.25;8
more if;1;4;0.2;5
of college;2;1;0.667;3
of sadness;2;4;0.333;6
adults;1;0;1.0;1
brought to;1;0;1.0;1
complaint;1;10;0.091;11
hour to;2;2;0.5;4
larry;2;4;0.333;6
made all;1;1;0.5;2
cocoon;5;12;0.294;17
give anyone;3;2;0.6;5
one could;1;3;0.25;4
or worse;3;3;0.5;6
ali;1;1;0.5;2
film characters;2;0;1.0;2
film city;2;0;1.0;2
heat;6;4;0.6;10
heated;6;1;0.857;7
heaven;2;0;1.0;2
clueless;1;7;0.125;8
consequence;1;1;0.5;2
leaves lot;1;5;0.167;6
and son;8;5;0.615;13
and sophisticated;1;0;1.0;1
as with;3;1;0.75;4
contenders;2;4;0.333;6
feel good;1;0;1.0;1
film could possibly;7;10;0.412;17
formula 51 is;11;6;0.647;17
formulaic;1;0;1.0;1
he gives;1;3;0.25;4
hey arnold the;1;1;0.5;2
if we;1;1;0.5;2
is full;1;4;0.2;5
lie;2;7;0.222;9
may find;1;1;0.5;2
patience of;2;4;0.333;6
as flat;1;4;0.2;5
in addition to;1;0;1.0;1
necessary to;1;0;1.0;1
activity;1;0;1.0;1
actor;1;0;1.0;1
blade ii;1;0;1.0;1
bob;4;3;0.571;7
bob crane;1;1;0.5;2
bobby;1;0;1.0;1
filmed;1;0;1.0;1
ice age;1;0;1.0;1
moody;1;1;0.5;2
moon;1;1;0.5;2
plays like some;3;3;0.5;6
ambitious than;1;4;0.2;5
at the prospect;1;5;0.167;6
been so;1;0;1.0;1
forster;2;1;0.667;3
hero worship;2;4;0.333;6
is cinematic;2;2;0.5;4
makes up;1;0;1.0;1
never seems;1;1;0.5;2
no mistaking;2;5;0.286;7
not be;1;0;1.0;1
performance in;6;13;0.316;19
forte;1;0;1.0;1
has worked;2;1;0.667;3
and again;1;5;0.167;6
and simple;1;4;0.2;5
are incredibly;2;0;1.0;2
forces you to;1;0;1.0;1
hit;1;0;1.0;1
of its two;1;1;0.5;2
of itself;1;0;1.0;1
once but;1;4;0.2;5
once in;1;3;0.25;4
political intrigue;5;17;0.227;22
pollution;1;2;0.333;3
coming as;1;0;1.0;1
dynamite;2;1;0.667;3
he;1;0;1.0;1
of insight;1;0;1.0;1
of tales;12;60;0.167;72
because for;2;6;0.25;8
children will;1;0;1.0;1
colin;1;1;0.5;2
french comedy;1;2;0.333;3
gut wrenching;1;0;1.0;1
if it were;1;0;1.0;1
if it weren;1;0;1.0;1
is lot;1;0;1.0;1
performance from;1;13;0.071;14
performance from the;1;0;1.0;1
analytical;1;0;1.0;1
as john;1;0;1.0;1
bears;2;2;0.5;4
charm or;1;0;1.0;1
for teens and;8;9;0.471;17
gives performance that;1;0;1.0;1
gold;1;1;0.5;2
becomes the;1;1;0.5;2
family oriented;1;1;0.5;2
joseph;1;2;0.333;3
nearly enough;1;1;0.5;2
clarity and;1;3;0.25;4
devoid;1;2;0.333;3
documentary in;1;2;0.333;3
down by;1;6;0.143;7
everything except;1;2;0.333;3
front of;1;4;0.2;5
is anything;3;2;0.6;5
is creepy;6;21;0.222;27
picture shows;1;2;0.333;3
as high;1;1;0.5;2
at its most;1;1;0.5;2
give us;1;0;1.0;1
in its wake;1;4;0.2;5
is;3;3;0.5;6
is determined;2;1;0.667;3
know what it;1;3;0.25;4
know when;1;1;0.5;2
pleaser;3;7;0.3;10
15 minutes;1;0;1.0;1
15 year;1;0;1.0;1
15 year old;1;0;1.0;1
an achievement;1;0;1.0;1
beside the;3;4;0.429;7
bubble;1;1;0.5;2
carmen;1;5;0.167;6
gently humorous;1;0;1.0;1
hilarious romantic;1;1;0.5;2
looks as if;2;3;0.4;5
niro;1;0;1.0;1
noise and;1;4;0.2;5
of japanese;1;0;1.0;1
on your;2;4;0.333;6
performances but;1;0;1.0;1
and then;3;2;0.6;5
chapter of the;1;6;0.143;7
circumstances and;2;0;1.0;2
genial;2;3;0.4;5
holds;1;0;1.0;1
is dazzling;1;1;0.5;2
its pretensions;2;10;0.167;12
its profound;2;4;0.333;6
more out of;1;1;0.5;2
must have;2;7;0.222;9
must have been;1;0;1.0;1
of the previous;2;4;0.333;6
of the road;1;1;0.5;2
of the role;1;0;1.0;1
and not much;1;0;1.0;1
least if you;1;0;1.0;1
and educational;1;2;0.333;3
character study and;1;2;0.333;3
cloaked;1;4;0.2;5
cloaked in;1;4;0.2;5
is still;2;4;0.333;6
and forgettable;1;1;0.5;2
and movies;4;10;0.286;14
be anything but;4;3;0.571;7
but good;2;1;0.667;3
carpenter;1;2;0.333;3
clad;1;2;0.333;3
film to;2;2;0.5;4
for this movie;1;1;0.5;2
like three hours;1;3;0.25;4
cast in;1;1;0.5;2
comes as;1;3;0.25;4
film because it;3;2;0.6;5
of genuine;1;0;1.0;1
of which is;5;6;0.455;11
of white;5;6;0.455;11
eyes of;3;2;0.6;5
give it;1;6;0.143;7
god help;1;0;1.0;1
cheese;1;1;0.5;2
poorly executed;4;9;0.308;13
aims;2;3;0.4;5
are;4;6;0.4;10
bad action movie;1;2;0.333;3
bad and;1;0;1.0;1
cops;2;0;1.0;2
corpus;3;7;0.3;10
correctness;1;0;1.0;1
correctness but;1;0;1.0;1
cup of;1;6;0.143;7
disappointing in;4;18;0.182;22
dismiss;1;1;0.5;2
distant;1;1;0.5;2
edward;1;5;0.167;6
engaging film;1;0;1.0;1
in american;1;0;1.0;1
new best friend;1;0;1.0;1
of sharp;1;0;1.0;1
of the smarter;1;1;0.5;2
chops;1;1;0.5;2
fans of;1;0;1.0;1
lots of;1;2;0.333;3
nothing happens;1;9;0.1;10
as dahmer;1;2;0.333;3
bad movies;1;1;0.5;2
better than;1;6;0.143;7
but can;2;1;0.667;3
could use little;1;1;0.5;2
course of;1;1;0.5;2
effort that will;1;2;0.333;3
excellent performances;1;1;0.5;2
gamble;3;7;0.3;10
game;3;2;0.6;5
in particular;1;1;0.5;2
initially;1;1;0.5;2
it gets the;1;1;0.5;2
plenty to;1;4;0.2;5
pressed to;1;1;0.5;2
britney;2;6;0.25;8
going on;2;3;0.4;5
all the usual;1;1;0.5;2
at time;1;2;0.333;3
dr;4;22;0.154;26
drab;1;1;0.5;2
it all about;5;9;0.357;14
it all before;2;0;1.0;2
none of it;1;1;0.5;2
of society;6;17;0.261;23
film is just;4;5;0.444;9
first two;1;0;1.0;1
found the;2;3;0.4;5
genre in;1;0;1.0;1
baked;8;23;0.258;31
chord;2;9;0.182;11
dimension;1;0;1.0;1
explosive;1;0;1.0;1
fresnadillo;2;7;0.222;9
hard to imagine;4;8;0.333;12
hard to like;2;3;0.4;5
humorous and;2;4;0.333;6
in this movie;1;1;0.5;2
is so earnest;4;3;0.571;7
it tends;1;1;0.5;2
narrative flow;1;2;0.333;3
on the viewer;1;0;1.0;1
affection;1;0;1.0;1
code;1;1;0.5;2
gorgeous visuals;2;7;0.222;9
great movie;1;4;0.2;5
his way;1;3;0.25;4
merits;2;2;0.5;4
comes to;1;2;0.333;3
emotional wallop;1;1;0.5;2
grace;1;1;0.5;2
have been more;1;2;0.333;3
of any kind;2;0;1.0;2
94;2;2;0.5;4
and pretentious;2;5;0.286;7
any of its;1;3;0.25;4
coffee table;1;0;1.0;1
lines;2;2;0.5;4
lines and;1;2;0.333;3
blanks;1;1;0.5;2
caesar;1;5;0.167;6
certainly has;1;1;0.5;2
doesn come;2;0;1.0;2
efforts of;1;3;0.25;4
find on;1;1;0.5;2
foreign policy;4;10;0.286;14
forget;1;0;1.0;1
generation of;1;1;0.5;2
impersonation;1;0;1.0;1
indian american;2;1;0.667;3
is rambling;1;0;1.0;1
looks and feels;1;4;0.2;5
of modern times;2;4;0.333;6
pep;1;0;1.0;1
its message;4;8;0.333;12
itself is;2;0;1.0;2
lived in;1;5;0.167;6
opens today in;1;5;0.167;6
as always;1;0;1.0;1
at some of;1;6;0.143;7
debut for;1;0;1.0;1
debut with;9;53;0.145;62
decline;1;0;1.0;1
es un;1;2;0.333;3
flashes of;2;5;0.286;7
flat and;1;2;0.333;3
lover;3;7;0.3;10
passionate and;1;1;0.5;2
benefit from;4;9;0.308;13
benefits;1;0;1.0;1
come with;1;1;0.5;2
his movie star;1;1;0.5;2
device;1;0;1.0;1
doses;1;2;0.333;3
crime story that;1;0;1.0;1
for too long;1;3;0.25;4
for trying;1;0;1.0;1
american dream;1;1;0.5;2
and stylish;3;9;0.25;12
calling;1;2;0.333;3
callow;1;1;0.5;2
calls;1;1;0.5;2
effort to;2;4;0.333;6
eventually;1;1;0.5;2
for those who;1;0;1.0;1
gone long;1;0;1.0;1
grey zone is;1;0;1.0;1
as sharp;1;3;0.25;4
characters seem;2;4;0.333;6
chocolate;1;0;1.0;1
director john;1;0;1.0;1
for adults;1;0;1.0;1
gangster no is;1;1;0.5;2
instinct;1;0;1.0;1
is about the;1;3;0.25;4
is great the;1;0;1.0;1
like watching;1;2;0.333;3
makes an;1;0;1.0;1
pay off;1;1;0.5;2
and witty;1;0;1.0;1
bodice;2;3;0.4;5
bodied;1;0;1.0;1
borrows;1;0;1.0;1
effectively;1;3;0.25;4
example of;2;1;0.667;3
learn;1;1;0.5;2
moonlight;1;0;1.0;1
moonlight mile;1;0;1.0;1
bad it;1;1;0.5;2
bar;1;2;0.333;3
but in its;1;6;0.143;7
character story;1;0;1.0;1
discovering;3;7;0.3;10
doubt that;3;11;0.214;14
doug;2;6;0.25;8
failure;2;2;0.5;4
is for you;1;0;1.0;1
labored;3;6;0.333;9
between these;4;3;0.571;7
come off as;2;13;0.133;15
come out in;2;10;0.167;12
evoking;1;1;0.5;2
fiercely;1;0;1.0;1
good natured;1;2;0.333;3
interesante;1;0;1.0;1
love story;2;1;0.667;3
monsters;1;0;1.0;1
never comes;1;0;1.0;1
plays out with;1;3;0.25;4
claude chabrol;1;1;0.5;2
clause;1;0;1.0;1
gripping performances;1;0;1.0;1
emerges as;2;3;0.4;5
emerges from the;1;0;1.0;1
few laughs and;1;2;0.333;3
film for;1;0;1.0;1
goes off the;2;3;0.4;5
gradually;1;0;1.0;1
in the night;15;40;0.273;55
in the shadows;1;0;1.0;1
life of the;1;0;1.0;1
neutral;6;23;0.207;29
of longing;2;2;0.5;4
in more;1;1;0.5;2
jettisoned;1;14;0.067;15
greatness;5;3;0.625;8
about lily chou;1;0;1.0;1
conversations about one;3;8;0.273;11
imagined;3;4;0.429;7
in the series;2;0;1.0;2
is familiar;1;0;1.0;1
it tough to;1;2;0.333;3
it tries to;1;0;1.0;1
just when;1;0;1.0;1
kurys;2;1;0.667;3
mother;2;1;0.667;3
for younger;1;2;0.333;3
of all fears;1;2;0.333;3
path of;2;0;1.0;2
pretty;3;5;0.375;8
become the;2;1;0.667;3
becomes;2;1;0.667;3
land and;1;2;0.333;3
and totally;2;6;0.25;8
3d;1;1;0.5;2
40;1;1;0.5;2
another;1;0;1.0;1
debut feature but;1;2;0.333;3
games;1;3;0.25;4
grisly;6;35;0.146;41
home alone;1;0;1.0;1
leash;2;5;0.286;7
level that;3;6;0.333;9
levels that;1;0;1.0;1
of dialogue;1;0;1.0;1
action genre;1;1;0.5;2
arc;1;0;1.0;1
are they;9;22;0.29;31
brutal;2;5;0.286;7
dani kouyate;1;0;1.0;1
dumber;4;6;0.4;10
he loses;1;0;1.0;1
horrors of;3;4;0.429;7
loathing;1;3;0.25;4
michael caine;1;0;1.0;1
missteps;3;7;0.3;10
action films;2;0;1.0;2
demonstrate that;2;1;0.667;3
especially when the;2;5;0.286;7
film delivers;1;1;0.5;2
finished;1;4;0.2;5
for;1;0;1.0;1
half hearted;1;7;0.125;8
historically significant;1;3;0.25;4
infused;1;0;1.0;1
judd;1;0;1.0;1
masculine;2;4;0.333;6
men in;1;0;1.0;1
predictable narrative;1;2;0.333;3
private ryan;1;0;1.0;1
as promising;1;5;0.167;6
be in the;1;0;1.0;1
even fans of;2;2;0.5;4
gosling murder by;1;3;0.25;4
make like;2;4;0.333;6
brother is;1;1;0.5;2
brothers;1;1;0.5;2
faithful;1;1;0.5;2
hit you;5;33;0.132;38
hold our;1;1;0.5;2
hold our interest;1;1;0.5;2
it movie;1;6;0.143;7
legged freaks is;2;1;0.667;3
lends;1;2;0.333;3
marcus adams;2;0;1.0;2
of picture;1;1;0.5;2
only half;1;4;0.2;5
overproduced;1;0;1.0;1
as visually;1;0;1.0;1
condescending;1;1;0.5;2
could have and;1;2;0.333;3
crimen;1;0;1.0;1
motion picture it;1;2;0.333;3
an episode;1;1;0.5;2
and fascinating;2;5;0.286;7
best way;3;5;0.375;8
creating the;1;0;1.0;1
creation;1;0;1.0;1
feast of;1;3;0.25;4
glass of;4;16;0.2;20
glasses;3;14;0.176;17
jeffrey;1;1;0.5;2
oprah;1;0;1.0;1
organic;1;6;0.143;7
actor to;1;1;0.5;2
ambitions;1;1;0.5;2
from hong;1;0;1.0;1
gives his;1;1;0.5;2
it really just;1;3;0.25;4
knows the;1;2;0.333;3
pleasure to watch;1;1;0.5;2
it is too;1;1;0.5;2
its violence;1;1;0.5;2
its virtues;1;1;0.5;2
nonconformist;1;2;0.333;3
perry and;3;2;0.6;5
prevent;2;1;0.667;3
about any;1;1;0.5;2
count on;1;5;0.167;6
kooky;1;0;1.0;1
lacking the;8;26;0.235;34
now can;2;3;0.4;5
and this movie;2;0;1.0;2
avant;1;0;1.0;1
before it;1;5;0.167;6
but even;1;0;1.0;1
by someone who;5;17;0.227;22
fire with;1;0;1.0;1
glass;1;2;0.333;3
glass and;1;1;0.5;2
human resources;1;2;0.333;3
incorporates;1;0;1.0;1
numbers and;2;4;0.333;6
of de;2;0;1.0;2
of suspense;1;1;0.5;2
pranks;4;13;0.235;17
100;1;3;0.25;4
12 year old;2;1;0.667;3
13;1;0;1.0;1
13 conversations;1;0;1.0;1
84 minutes;1;4;0.2;5
85;1;4;0.2;5
fright;1;1;0.5;2
nonstop;2;0;1.0;2
of in;2;2;0.5;4
of marriage;2;1;0.667;3
between the characters;1;0;1.0;1
ghost ship;1;1;0.5;2
including;1;0;1.0;1
lends the;1;0;1.0;1
anguish;2;2;0.5;4
biggest;2;3;0.4;5
cross cultural;1;2;0.333;3
fear and;2;6;0.25;8
fear dot;1;0;1.0;1
in terms of;1;1;0.5;2
independent film;1;0;1.0;1
atop;1;0;1.0;1
bad acting;2;7;0.222;9
bad action;2;3;0.4;5
bullets;1;3;0.25;4
changes;1;0;1.0;1
choppy;1;1;0.5;2
diesel is;2;4;0.333;6
driving;2;0;1.0;2
flaws and;1;2;0.333;3
gotten;1;1;0.5;2
her is;2;1;0.667;3
it isn;1;0;1.0;1
although there;1;3;0.25;4
are more;1;0;1.0;1
beguiling;1;5;0.167;6
begun;1;3;0.25;4
have take;1;5;0.167;6
have their;1;0;1.0;1
in watching;2;9;0.182;11
is nothing more;1;1;0.5;2
lie and;1;5;0.167;6
ode;1;2;0.333;3
1950s;1;0;1.0;1
1958;1;0;1.0;1
baffling;1;2;0.333;3
not be as;2;0;1.0;2
absorbed;2;5;0.286;7
leads;1;0;1.0;1
minutes of your;5;12;0.294;17
more depressing;4;3;0.571;7
only for its;1;6;0.143;7
is gripping;2;4;0.333;6
is hampered;1;1;0.5;2
lacks the visual;2;9;0.182;11
madness;2;8;0.2;10
metropolis;1;2;0.333;3
cuts to the;1;2;0.333;3
evident;1;3;0.25;4
it seems;1;4;0.2;5
leather;1;3;0.25;4
leave;1;2;0.333;3
and lovely;1;0;1.0;1
and loving;1;0;1.0;1
clocks in;1;0;1.0;1
effective film;3;8;0.273;11
effective if;1;0;1.0;1
have long;1;0;1.0;1
is very original;1;1;0.5;2
its worst;2;0;1.0;2
maintaining;2;3;0.4;5
maintains;1;2;0.333;3
maintains your;1;1;0.5;2
movie from;1;0;1.0;1
movie from the;1;0;1.0;1
natured and;2;0;1.0;2
and snow;1;1;0.5;2
christmas;1;0;1.0;1
in welcome;1;0;1.0;1
makes sense;2;2;0.5;4
pacing and lack;1;1;0.5;2
are actually;1;1;0.5;2
far too;1;6;0.143;7
of the computer;2;11;0.154;13
of the contemporary;1;1;0.5;2
praise of love;1;0;1.0;1
can inspire;4;15;0.211;19
can offer;1;0;1.0;1
italian comedy;1;0;1.0;1
literate;2;4;0.333;6
of revelation;1;0;1.0;1
not too;1;0;1.0;1
brings us;4;11;0.267;15
can make;1;1;0.5;2
chuckles;1;0;1.0;1
in the end;1;5;0.167;6
love cinema paradiso;2;0;1.0;2
married;1;6;0.143;7
much of it;1;2;0.333;3
alias betty;1;0;1.0;1
as chilling and;1;2;0.333;3
believe in it;3;12;0.2;15
belongs to;2;1;0.667;3
drama in;2;2;0.5;4
feel the;2;1;0.667;3
past decade;4;14;0.222;18
past his;2;1;0.667;3
people have;1;1;0.5;2
and much;1;1;0.5;2
but darned if;1;5;0.167;6
goose;3;3;0.5;6
grungy;2;4;0.333;6
has about;1;0;1.0;1
inhabitants;3;23;0.115;26
inhuman;2;4;0.333;6
acquainted;2;4;0.333;6
all or;1;0;1.0;1
and yes;1;4;0.2;5
chapter;2;5;0.286;7
food of;3;16;0.158;19
food of love;1;0;1.0;1
for every;1;0;1.0;1
green dragon;2;11;0.154;13
kiss is just;1;3;0.25;4
of its own;1;7;0.125;8
consumed;1;2;0.333;3
everything else is;2;2;0.5;4
generated;3;3;0.5;6
in stasis;1;0;1.0;1
it refreshing to;1;1;0.5;2
looked;1;5;0.167;6
objectivity;2;2;0.5;4
objectivity and;1;0;1.0;1
palette;2;2;0.5;4
act and;1;1;0.5;2
alternate;1;0;1.0;1
and stupid;3;1;0.75;4
candy it;2;3;0.4;5
every frame;1;1;0.5;2
look;1;2;0.333;3
nimble;1;0;1.0;1
of art;1;1;0.5;2
entertainment out of;1;0;1.0;1
is quite;1;0;1.0;1
lightly;1;2;0.333;3
open;1;0;1.0;1
achieve the;1;0;1.0;1
affection and;1;1;0.5;2
cyber culture;1;0;1.0;1
demonstrate;1;0;1.0;1
hackneyed;4;23;0.148;27
coarse;1;5;0.167;6
crazy as;1;1;0.5;2
kids in;1;1;0.5;2
add up to;2;1;0.667;3
attract;2;0;1.0;2
be wacky;3;5;0.375;8
be warned;2;0;1.0;2
be when;2;0;1.0;2
because he;1;1;0.5;2
empire;1;0;1.0;1
employ;1;0;1.0;1
nearly every scene;3;1;0.75;4
an unimaginative;2;1;0.667;3
an unlikely;1;0;1.0;1
blanket;2;2;0.5;4
chamber;1;5;0.167;6
excellent use;1;2;0.333;3
frustrating and;1;2;0.333;3
arresting;2;6;0.25;8
finesse;1;1;0.5;2
frame of;1;3;0.25;4
his son;2;1;0.667;3
laughs but;1;0;1.0;1
are worth;2;3;0.4;5
backdrop;1;1;0.5;2
david jacobson;1;3;0.25;4
do we;1;1;0.5;2
brian de;3;6;0.333;9
brian de palma;1;0;1.0;1
film so;6;5;0.545;11
acceptable;1;2;0.333;3
acceptance;1;2;0.333;3
also to;1;1;0.5;2
an opportunity to;4;15;0.211;19
an original;1;0;1.0;1
anything more than;1;3;0.25;4
eight legged;5;14;0.263;19
everything is;1;1;0.5;2
it fascinating;2;8;0.2;10
key;2;2;0.5;4
key style;1;2;0.333;3
love in;1;1;0.5;2
not without;2;3;0.4;5
it over;4;9;0.308;13
macdowell;4;3;0.571;7
bother to;1;1;0.5;2
carries the;2;1;0.667;3
contrived and;1;0;1.0;1
dash;1;1;0.5;2
diminishing;1;3;0.25;4
interminably;1;1;0.5;2
it another;2;1;0.667;3
it not particularly;1;5;0.167;6
latest effort is;1;2;0.333;3
like they;1;2;0.333;3
look no;1;5;0.167;6
nelson has;1;0;1.0;1
barrage;1;1;0.5;2
check it out;3;4;0.429;7
check out;2;1;0.667;3
deadpan;6;12;0.333;18
eric schaeffer;1;0;1.0;1
going on here;1;0;1.0;1
had no;2;6;0.25;8
hit theaters;1;1;0.5;2
if not entirely;1;0;1.0;1
is nothing but;1;2;0.333;3
it not that;1;3;0.25;4
killed my father;1;4;0.2;5
louis;1;2;0.333;3
lousy;1;1;0.5;2
me and;1;1;0.5;2
new and;2;0;1.0;2
of bittersweet;1;0;1.0;1
of god;1;0;1.0;1
be impossible to;1;0;1.0;1
chances are;1;3;0.25;4
entertaining enough;1;1;0.5;2
entertaining enough but;1;1;0.5;2
feel of an;1;1;0.5;2
for shoot;1;0;1.0;1
obsession and;1;0;1.0;1
obsession with;1;0;1.0;1
one the;1;0;1.0;1
nicolas;2;13;0.133;15
cost;1;2;0.333;3
doesn know what;1;1;0.5;2
of fatal attraction;1;0;1.0;1
of favor;1;0;1.0;1
of young;2;0;1.0;2
90 minute;1;0;1.0;1
affectation;2;0;1.0;2
army;1;1;0.5;2
as some;2;2;0.5;4
exercise in;5;13;0.278;18
force you;1;2;0.333;3
general;1;4;0.2;5
has enough;1;0;1.0;1
of legal;1;1;0.5;2
plot;1;3;0.25;4
plot and;1;2;0.333;3
and scores;1;0;1.0;1
could make;2;7;0.222;9
daughter from;1;2;0.333;3
motion pictures;2;2;0.5;4
of blood;1;2;0.333;3
price of admission;2;16;0.111;18
excuse;2;2;0.5;4
improved;1;0;1.0;1
inadequate;1;0;1.0;1
movies go;2;6;0.25;8
and funny;1;1;0.5;2
and gainsbourg;1;1;0.5;2
argento;1;2;0.333;3
benefits from;2;4;0.333;6
benign;2;4;0.333;6
but the movie;1;0;1.0;1
dark comedy;1;1;0.5;2
dark comedy is;1;1;0.5;2
ends and the;1;1;0.5;2
good measure;1;2;0.333;3
good movie;1;1;0.5;2
hopes and;2;4;0.333;6
in getting;1;1;0.5;2
is long on;1;4;0.2;5
like mike;1;1;0.5;2
like mike is;1;1;0.5;2
probably should;1;2;0.333;3
45 minutes;2;10;0.167;12
48;1;2;0.333;3
and features;1;0;1.0;1
cloying;1;1;0.5;2
film offers;3;3;0.5;6
funny if;1;3;0.25;4
has crafted an;1;1;0.5;2
lovable;1;0;1.0;1
of the cast;2;3;0.4;5
of the century;1;1;0.5;2
on the level;1;3;0.25;4
hard as;1;0;1.0;1
lampoon;1;1;0.5;2
movies in the;1;0;1.0;1
on truth;1;2;0.333;3
of old;3;17;0.15;20
of the imax;1;2;0.333;3
in favour of;1;1;0.5;2
is double;1;3;0.25;4
its core;1;4;0.2;5
kicking;1;4;0.2;5
little story;1;2;0.333;3
magnificent;1;2;0.333;3
comes from;1;0;1.0;1
considerable brio;1;2;0.333;3
film grows;1;1;0.5;2
first and foremost;1;0;1.0;1
is stunning;1;1;0.5;2
is truly;1;1;0.5;2
magazine;1;3;0.25;4
one thing to;1;2;0.333;3
out to feature;1;0;1.0;1
out what;1;0;1.0;1
almost all;1;3;0.25;4
and burns;1;1;0.5;2
be an;2;7;0.222;9
characters do;2;9;0.182;11
creepy and;1;0;1.0;1
excels in;3;10;0.231;13
its star;1;7;0.125;8
outdated;1;2;0.333;3
pastiche;2;4;0.333;6
combination of the;1;0;1.0;1
dry and;2;0;1.0;2
frank the pug;1;1;0.5;2
it pretends;2;1;0.667;3
makers of;1;0;1.0;1
of psychological horror;3;6;0.333;9
criminal;2;1;0.667;3
disney classic;1;2;0.333;3
dull and;1;0;1.0;1
have found;3;11;0.214;14
journalism;1;2;0.333;3
lumbering;2;3;0.4;5
positive;2;2;0.5;4
entertainment value;1;2;0.333;3
entertains;1;1;0.5;2
finds way;1;2;0.333;3
got fingered;1;3;0.25;4
graham;2;11;0.154;13
it just;2;6;0.25;8
it just as;1;1;0.5;2
negotiate;2;1;0.667;3
actually pretty good;2;3;0.4;5
acute;1;0;1.0;1
end this;1;2;0.333;3
for fun;1;2;0.333;3
it off;1;1;0.5;2
potter;3;15;0.167;18
poverty;1;3;0.25;4
about it is;2;2;0.5;4
awry;1;1;0.5;2
ayurveda;1;1;0.5;2
characters to;1;0;1.0;1
characters who;1;0;1.0;1
has more;1;8;0.111;9
has much to;1;1;0.5;2
history in;2;2;0.5;4
other than to;1;1;0.5;2
other times;1;1;0.5;2
achingly;1;3;0.25;4
actions;1;0;1.0;1
age is;1;0;1.0;1
age movie;1;0;1.0;1
complicated;3;9;0.25;12
dismissed as;2;0;1.0;2
film are;1;0;1.0;1
given;5;8;0.385;13
it apart;2;9;0.182;11
january;1;0;1.0;1
like having;6;1;0.857;7
mid;2;2;0.5;4
only to;1;3;0.25;4
added;2;4;0.333;6
as life;1;2;0.333;3
as little;1;2;0.333;3
as lively;1;0;1.0;1
darkest;1;1;0.5;2
good things;1;2;0.333;3
holes and;1;1;0.5;2
human spirit to;1;0;1.0;1
human tragedy;1;0;1.0;1
long but;1;1;0.5;2
one of;1;3;0.25;4
even think;1;0;1.0;1
going through;3;10;0.231;13
guilty about;1;0;1.0;1
guilty of;1;0;1.0;1
in cinematic;1;5;0.167;6
james bond for;1;2;0.333;3
ah;1;0;1.0;1
blessed;1;0;1.0;1
bore;1;0;1.0;1
bored;1;0;1.0;1
bored to;1;0;1.0;1
bullock;2;2;0.5;4
bullock and grant;1;0;1.0;1
bullock best;1;0;1.0;1
central story;1;2;0.333;3
centuries;1;0;1.0;1
century;1;0;1.0;1
happened to;1;0;1.0;1
intended audience;1;0;1.0;1
intended for;1;0;1.0;1
original nor;1;1;0.5;2
played in the;1;6;0.143;7
played out;1;2;0.333;3
almost no;1;0;1.0;1
happily ever after;1;1;0.5;2
between two;1;0;1.0;1
breathless;1;0;1.0;1
curiously;1;2;0.333;3
engagingly;1;8;0.111;9
eye catching;1;0;1.0;1
gibney;1;4;0.2;5
is so much;1;0;1.0;1
isn very funny;3;2;0.6;5
of fear;1;0;1.0;1
of life that;1;3;0.25;4
only because;1;6;0.143;7
overwhelmed;1;1;0.5;2
calculated;2;1;0.667;3
escapes the;1;4;0.2;5
escapism;1;3;0.25;4
flirts;3;3;0.5;6
from others;3;10;0.231;13
girl is;1;0;1.0;1
mean that;3;2;0.6;5
overall sense of;2;5;0.286;7
perfunctory;1;1;0.5;2
predictability;1;1;0.5;2
himself in the;1;2;0.333;3
hurts;1;0;1.0;1
of the third;1;1;0.5;2
away in;1;2;0.333;3
away in the;1;0;1.0;1
front of the;2;3;0.4;5
in the pantheon;1;0;1.0;1
kidman;1;1;0.5;2
low budget;1;4;0.2;5
most ingenious;2;0;1.0;2
after an;1;0;1.0;1
as all;1;1;0.5;2
impossible;2;0;1.0;2
kingdom;1;1;0.5;2
modem;3;5;0.375;8
and lyrical;1;0;1.0;1
as well be;1;1;0.5;2
cold vacuum of;2;2;0.5;4
considerably more;1;6;0.143;7
downbeat;1;1;0.5;2
even that of;1;1;0.5;2
held my interest;1;0;1.0;1
is successful;1;1;0.5;2
nonexistent;1;0;1.0;1
but ends up;1;3;0.25;4
can get;1;0;1.0;1
geared;1;8;0.111;9
geeks;1;8;0.111;9
hickenlooper has;1;1;0.5;2
hicks;1;0;1.0;1
hitler;1;0;1.0;1
humanity;1;1;0.5;2
legged;1;0;1.0;1
little too;1;0;1.0;1
hood;3;3;0.5;6
hook;1;1;0.5;2
paean;2;4;0.333;6
and visual;1;1;0.5;2
cameo;1;0;1.0;1
consuming;1;4;0.2;5
cup;1;0;1.0;1
figure out what;1;10;0.091;11
focus on the;1;2;0.333;3
in the kind;2;2;0.5;4
it big;2;5;0.286;7
it bit;2;1;0.667;3
named;2;1;0.667;3
namely;2;1;0.667;3
or pretentious;2;4;0.333;6
demonstration of the;3;21;0.125;24
funk;1;0;1.0;1
intelligent film;1;0;1.0;1
is weirdly;1;4;0.2;5
it paints;2;4;0.333;6
about every;1;4;0.2;5
as monumental;1;0;1.0;1
even steven;1;3;0.25;4
facet of;2;2;0.5;4
has no;1;0;1.0;1
nothing short of;1;0;1.0;1
odd;1;1;0.5;2
its faults;1;7;0.125;8
miami vice;1;1;0.5;2
nash is;1;2;0.333;3
by comparison;1;1;0.5;2
its sleeve;1;2;0.333;3
an intermittently;2;2;0.5;4
an intimate;1;1;0.5;2
has arrived;1;0;1.0;1
hilarious and;2;1;0.667;3
imaginative and;1;0;1.0;1
margarita happy hour;1;2;0.333;3
miss it;1;0;1.0;1
and community;2;2;0.5;4
and lot more;1;0;1.0;1
best possible;1;3;0.25;4
best seller;1;0;1.0;1
but no;2;0;1.0;2
chemistry between the;5;16;0.238;21
decasia;2;2;0.5;4
developments;1;0;1.0;1
flattens;1;1;0.5;2
half of;1;0;1.0;1
in world of;1;0;1.0;1
it comes;1;0;1.0;1
light years;1;9;0.1;10
mail;1;4;0.2;5
minority;1;2;0.333;3
circle;1;3;0.25;4
debut of;1;2;0.333;3
happened;1;2;0.333;3
here yet;1;0;1.0;1
jet;1;3;0.25;4
mature;1;0;1.0;1
may never;1;0;1.0;1
numerous;1;0;1.0;1
and ability;2;3;0.4;5
long as you;1;0;1.0;1
may not have;1;1;0.5;2
preciousness;1;0;1.0;1
allowing;2;2;0.5;4
but wasn;1;1;0.5;2
does have its;2;0;1.0;2
facial;1;0;1.0;1
kid stays;2;11;0.154;13
lackluster;4;4;0.5;8
middling;2;0;1.0;2
about the movie;1;1;0.5;2
access to;2;8;0.2;10
compare to the;1;3;0.25;4
effects the;1;0;1.0;1
efficient;1;0;1.0;1
esteem;1;1;0.5;2
for director neil;1;0;1.0;1
for disney;1;0;1.0;1
hayek;1;0;1.0;1
impact of;1;0;1.0;1
in the most;3;4;0.429;7
is sure to;1;0;1.0;1
it fails to;1;1;0.5;2
lame;2;0;1.0;2
mainstream;1;0;1.0;1
never lets;1;0;1.0;1
only come;1;6;0.143;7
only comes;1;2;0.333;3
and brutal;1;0;1.0;1
as funny nor;1;0;1.0;1
crazy;1;0;1.0;1
heart you;1;0;1.0;1
jumble of;2;2;0.5;4
as possible;1;4;0.2;5
as powerful;1;0;1.0;1
be desired;2;7;0.222;9
be dismissed;1;0;1.0;1
can come;1;1;0.5;2
heavy handed and;1;9;0.1;10
his character;1;10;0.091;11
international;1;2;0.333;3
mount;1;1;0.5;2
deserves the;2;1;0.667;3
be engaging;1;1;0.5;2
pleaser that;1;1;0.5;2
and provocative;1;0;1.0;1
been titled;2;3;0.4;5
death;1;0;1.0;1
excited about;1;1;0.5;2
have heart;1;0;1.0;1
above its;1;0;1.0;1
and social;2;6;0.25;8
fame;1;1;0.5;2
film with;1;5;0.167;6
fine but;1;2;0.333;3
pokemon 4ever is;3;16;0.158;19
it should be;1;1;0.5;2
jim brown;1;0;1.0;1
jimmy;1;0;1.0;1
brings an;2;0;1.0;2
certain;1;0;1.0;1
good yarn;1;2;0.333;3
influences;1;1;0.5;2
ability of the;3;3;0.5;6
amy and;1;0;1.0;1
both visually;1;1;0.5;2
combined;3;10;0.231;13
last 20 minutes;1;1;0.5;2
lopez;1;6;0.143;7
needed to;1;1;0.5;2
not much else;1;0;1.0;1
and the plot;1;1;0.5;2
cryin out;1;0;1.0;1
existing;1;6;0.143;7
flawed film but;2;11;0.154;13
is out;1;3;0.25;4
it very;1;1;0.5;2
minutes which;1;0;1.0;1
asks us;1;3;0.25;4
by the end;1;0;1.0;1
fleeting;1;0;1.0;1
had been;1;0;1.0;1
inane that;1;0;1.0;1
inappropriate;1;0;1.0;1
infantile;1;0;1.0;1
infatuated;1;0;1.0;1
infectious;1;0;1.0;1
of the other;3;8;0.273;11
as often;3;7;0.3;10
closely;2;4;0.333;6
comes up;1;3;0.25;4
conspiracy;1;1;0.5;2
easily the most;1;7;0.125;8
herself;1;1;0.5;2
off in;1;10;0.091;11
and two;1;2;0.333;3
comedy that tries;1;0;1.0;1
for the small;1;3;0.25;4
it time;1;2;0.333;3
it to;1;2;0.333;3
know if;1;1;0.5;2
casual;1;1;0.5;2
director jay russell;1;0;1.0;1
element of surprise;1;1;0.5;2
feed;2;1;0.667;3
ice;2;2;0.5;4
inability;1;2;0.333;3
isn scary;1;1;0.5;2
it in;1;2;0.333;3
more likely to;1;0;1.0;1
narc;1;1;0.5;2
obstacles;1;0;1.0;1
obvious;1;0;1.0;1
of the moment;2;4;0.333;6
and about;2;1;0.667;3
even his;1;0;1.0;1
hook ups;1;1;0.5;2
much the;1;1;0.5;2
102 minute;1;1;0.5;2
and intelligent;2;1;0.667;3
history;1;5;0.167;6
not at all;1;1;0.5;2
of dark;1;1;0.5;2
of thousands of;1;1;0.5;2
personal velocity;1;1;0.5;2
after another;1;0;1.0;1
after being;1;0;1.0;1
changing lanes;1;2;0.333;3
frame;1;4;0.2;5
ghost story;1;5;0.167;6
it may not;1;2;0.333;3
object;1;5;0.167;6
pluto nash;1;1;0.5;2
desperation;1;0;1.0;1
emerges in the;3;11;0.214;14
eminently;1;1;0.5;2
in nearly;1;1;0.5;2
is the sense;1;9;0.1;10
looks like;1;0;1.0;1
most part the;1;8;0.111;9
out all;1;0;1.0;1
get you;1;3;0.25;4
honed;1;3;0.25;4
loved the;1;8;0.111;9
is at;1;1;0.5;2
lifeless;1;6;0.143;7
of soap;1;1;0.5;2
of soap opera;1;0;1.0;1
but more;1;0;1.0;1
but more often;1;0;1.0;1
day is;3;2;0.6;5
get an;1;0;1.0;1
on the;2;3;0.4;5
capacity;1;1;0.5;2
carved from;3;5;0.375;8
he seems;1;7;0.125;8
implied;1;1;0.5;2
maelstrom;1;1;0.5;2
of song;1;0;1.0;1
an unflappable;1;0;1.0;1
and affection;1;1;0.5;2
as one;1;1;0.5;2
austere;1;6;0.143;7
fraternity;1;1;0.5;2
from one;1;0;1.0;1
hip;2;4;0.333;6
hip hop;1;3;0.25;4
in black;1;7;0.125;8
in the head;1;0;1.0;1
it full of;1;1;0.5;2
its otherwise;1;4;0.2;5
lawrence;2;1;0.667;3
of revolution;1;1;0.5;2
pressed;1;1;0.5;2
and has;1;2;0.333;3
and thought;2;2;0.5;4
as thought;1;2;0.333;3
de force;1;3;0.25;4
hoffman performance;1;0;1.0;1
in the parking;1;1;0.5;2
laughs and;1;0;1.0;1
arguing;3;12;0.2;15
arguments;1;2;0.333;3
class reunion;1;2;0.333;3
classic;1;2;0.333;3
confusion and;1;3;0.25;4
is most;1;1;0.5;2
new film;2;3;0.4;5
padre amaro;1;2;0.333;3
flicks;1;3;0.25;4
grew up;1;3;0.25;4
adorable;1;1;0.5;2
and love;1;0;1.0;1
city where;1;4;0.2;5
has it;1;5;0.167;6
it is;1;0;1.0;1
moments to;1;0;1.0;1
moving film;1;4;0.2;5
affectionate;1;6;0.143;7
away is;1;0;1.0;1
balance;1;1;0.5;2
conviction to;2;9;0.182;11
diane;1;0;1.0;1
even hint of;1;0;1.0;1
is predictable;1;2;0.333;3
lets you;2;0;1.0;2
ming liang;1;0;1.0;1
movie experience it;1;0;1.0;1
precarious;1;0;1.0;1
ability to;1;1;0.5;2
become good;2;4;0.333;6
de sade;1;0;1.0;1
de su;1;0;1.0;1
deal;1;0;1.0;1
deal of;1;0;1.0;1
depressing;1;0;1.0;1
excess;1;1;0.5;2
fresh again;1;1;0.5;2
memorable film;1;1;0.5;2
amazingly;1;6;0.143;7
ambiguous;1;4;0.2;5
and offer;1;0;1.0;1
arrive;1;0;1.0;1
cattaneo;1;0;1.0;1
characters are more;1;3;0.25;4
elements and;1;2;0.333;3
inevitable;1;1;0.5;2
less the;1;3;0.25;4
college student;1;0;1.0;1
go where;4;1;0.8;5
is derivative;2;0;1.0;2
little to;1;0;1.0;1
men;1;1;0.5;2
and sophistication;3;3;0.5;6
comedy;2;3;0.4;5
contemporaries;1;2;0.333;3
deeper;1;3;0.25;4
episodes;1;0;1.0;1
goldmember;1;3;0.25;4
good one;1;0;1.0;1
good or;1;0;1.0;1
lush;2;2;0.5;4
lust;1;1;0.5;2
machismo;1;2;0.333;3
macy;1;2;0.333;3
most thoughtful;1;2;0.333;3
move;1;1;0.5;2
on the characters;1;2;0.333;3
original and;1;2;0.333;3
historic;1;3;0.25;4
historical;1;1;0.5;2
idiosyncratic;1;3;0.25;4
just one;1;0;1.0;1
movie where;2;3;0.4;5
other hand;1;5;0.167;6
advantage of its;2;6;0.25;8
adventure for all;1;2;0.333;3
arrives;1;2;0.333;3
as terrible;2;0;1.0;2
as that;1;0;1.0;1
boys is;1;0;1.0;1
conveys the;1;9;0.1;10
impostor;1;0;1.0;1
made in;1;1;0.5;2
mother and;1;6;0.143;7
at times the;1;0;1.0;1
comedy about;1;0;1.0;1
in real life;1;1;0.5;2
it might;1;3;0.25;4
just the sort;1;0;1.0;1
just to;1;0;1.0;1
of all;2;1;0.667;3
otherwise;1;1;0.5;2
otherwise good;1;1;0.5;2
at every turn;1;2;0.333;3
and maggie gyllenhaal;1;0;1.0;1
at the core;2;4;0.333;6
at the edge;1;1;0.5;2
but when it;1;1;0.5;2
in here;1;8;0.111;9
lost in the;2;6;0.25;8
lost its;1;0;1.0;1
moldy and;1;1;0.5;2
of good performances;2;0;1.0;2
of stars;1;3;0.25;4
on as;3;11;0.214;14
on cable;1;1;0.5;2
ought to be;1;2;0.333;3
80 minutes but;1;6;0.143;7
84;1;4;0.2;5
gheorghiu;1;0;1.0;1
kiddies;2;2;0.5;4
los;1;8;0.111;9
loser;1;0;1.0;1
an engrossing portrait;1;2;0.333;3
as far;2;1;0.667;3
constraints of;1;0;1.0;1
creepy about;2;0;1.0;2
faces;1;0;1.0;1
fragmentary;1;0;1.0;1
freaks;1;2;0.333;3
grating and;1;0;1.0;1
jerk;1;1;0.5;2
literally and;1;0;1.0;1
lot better if;1;0;1.0;1
performances are all;2;1;0.667;3
ending feels;1;1;0.5;2
ending has;1;0;1.0;1
in business;2;11;0.154;13
is perhaps;1;9;0.1;10
is played;1;2;0.333;3
mysterious and;1;2;0.333;3
mystery;1;2;0.333;3
nothing at all;1;4;0.2;5
on the run;1;1;0.5;2
depressingly;1;0;1.0;1
derivative horror film;2;4;0.333;6
and no;2;3;0.4;5
calm;2;1;0.667;3
entertainment and;2;0;1.0;2
entertainment but;2;0;1.0;2
flick about;1;0;1.0;1
generating;2;2;0.5;4
is pretty much;2;0;1.0;2
is pure;2;0;1.0;2
assault;1;1;0.5;2
empathetic;1;1;0.5;2
few chuckles;1;1;0.5;2
from anything;2;3;0.4;5
music of;1;1;0.5;2
of bright;1;5;0.167;6
of british;1;0;1.0;1
outrageous;1;5;0.167;6
beautiful and;1;1;0.5;2
knockaround;2;3;0.4;5
knockaround guys;2;0;1.0;2
of pluto nash;1;1;0.5;2
age;1;0;1.0;1
disgust;1;1;0.5;2
for the material;1;1;0.5;2
impressive;1;1;0.5;2
just no;1;1;0.5;2
las;1;1;0.5;2
laser;1;1;0.5;2
last;1;1;0.5;2
movie so;1;1;0.5;2
onto the;1;0;1.0;1
onto the screen;1;0;1.0;1
out the;1;1;0.5;2
better title;1;1;0.5;2
fascinated by;1;1;0.5;2
fun in;1;0;1.0;1
option;1;6;0.143;7
or;1;0;1.0;1
earth;1;1;0.5;2
makes even;1;1;0.5;2
man from elysian;2;4;0.333;6
of carefully;1;1;0.5;2
portuguese;1;6;0.143;7
be the only;1;1;0.5;2
be the worst;1;1;0.5;2
by the film;1;1;0.5;2
characters who are;1;0;1.0;1
chills and;1;3;0.25;4
chilly;1;3;0.25;4
moments but;1;1;0.5;2
moments but it;1;1;0.5;2
and without;1;0;1.0;1
as if the;1;3;0.25;4
delivers its;1;2;0.333;3
fine line;1;1;0.5;2
jumble;1;0;1.0;1
marked;2;3;0.4;5
mixed up;1;0;1.0;1
payback;1;0;1.0;1
and wonder;1;1;0.5;2
education and;2;4;0.333;6
is little tired;1;4;0.2;5
it made me;1;5;0.167;6
misdemeanor;1;0;1.0;1
and co writer;1;1;0.5;2
and think;2;5;0.286;7
for the way;2;1;0.667;3
here yet another;1;1;0.5;2
led;1;8;0.111;9
left is;1;0;1.0;1
mire of;1;0;1.0;1
of the script;1;1;0.5;2
and full of;1;0;1.0;1
do much;2;0;1.0;2
his two;1;6;0.143;7
his vision;1;0;1.0;1
hitchcock;1;3;0.25;4
hitchcockian;1;0;1.0;1
is hard;2;4;0.333;6
ludicrous and;1;0;1.0;1
of money;2;2;0.5;4
guts to;1;1;0.5;2
and involving;1;2;0.333;3
attentive;1;0;1.0;1
good that;1;1;0.5;2
hours the;1;1;0.5;2
magic and;1;1;0.5;2
blend;1;0;1.0;1
is akin to;1;0;1.0;1
it feel;1;1;0.5;2
able to;1;0;1.0;1
characters or;1;0;1.0;1
ghetto;1;0;1.0;1
given the;1;0;1.0;1
half an;2;7;0.222;9
just didn;1;1;0.5;2
bodies;1;2;0.333;3
bodily;1;0;1.0;1
director roger michell;1;1;0.5;2
action to;1;0;1.0;1
an equally;1;1;0.5;2
and hollywood;1;0;1.0;1
can this;1;1;0.5;2
crystal and de;1;0;1.0;1
fans of the;1;0;1.0;1
love for;1;0;1.0;1
mysteries of;1;0;1.0;1
easy film;1;0;1.0;1
easy to;1;0;1.0;1
interesting look;1;0;1.0;1
and reveals;1;0;1.0;1
bolstered by;1;3;0.25;4
equal of;1;1;0.5;2
half an hour;1;1;0.5;2
it funny;1;1;0.5;2
manhattan;1;4;0.2;5
movies but it;1;2;0.333;3
movies ever;1;1;0.5;2
moving portrait;1;0;1.0;1
belief;1;0;1.0;1
believability;1;0;1.0;1
feel more like;1;2;0.333;3
in bad;3;7;0.3;10
no easy;1;11;0.083;12
no less;3;10;0.231;13
perspectives;1;0;1.0;1
bumpy;1;1;0.5;2
can tell;2;6;0.25;8
delivers the goods;2;9;0.182;11
is gone;1;7;0.125;8
and send it;1;1;0.5;2
her best;1;0;1.0;1
jolie and;4;7;0.364;11
much to recommend;1;2;0.333;3
nearly 21;1;1;0.5;2
out to be;1;0;1.0;1
again that;1;1;0.5;2
barbara;1;0;1.0;1
bewilderingly;1;5;0.167;6
chemistry or;1;0;1.0;1
not always;1;0;1.0;1
one can;1;2;0.333;3
continues;1;0;1.0;1
continues to;1;0;1.0;1
director barry;1;0;1.0;1
director burr;1;0;1.0;1
earnest so;1;0;1.0;1
earnestness;1;0;1.0;1
have been called;1;0;1.0;1
made film that;1;4;0.2;5
made for;1;2;0.333;3
most vital;1;0;1.0;1
movie bogs down;1;0;1.0;1
movie business;1;0;1.0;1
problem with;1;1;0.5;2
be good;1;0;1.0;1
discerned;1;1;0.5;2
emotions;3;0;1.0;3
matter what;1;0;1.0;1
ode to;1;5;0.167;6
politics and;1;1;0.5;2
deal with;2;6;0.25;8
end an;2;4;0.333;6
end as;1;2;0.333;3
for story;1;4;0.2;5
for taking;1;1;0.5;2
hospital;2;0;1.0;2
an empty;1;1;0.5;2
aside the;1;0;1.0;1
attached to;1;2;0.333;3
charming and funny;4;10;0.286;14
find new;1;1;0.5;2
novel by;1;2;0.333;3
patient and;1;1;0.5;2
and the love;1;1;0.5;2
characters you;1;9;0.1;10
how can;1;0;1.0;1
minutes or;1;0;1.0;1
new to;1;0;1.0;1
new version;1;0;1.0;1
of these characters;1;0;1.0;1
of these films;1;0;1.0;1
even though the;1;4;0.2;5
even with;1;2;0.333;3
holm;1;0;1.0;1
late in the;1;0;1.0;1
loneliness and;1;1;0.5;2
lot like;1;0;1.0;1
manage to be;1;7;0.125;8
movie is more;1;0;1.0;1
be enjoyed;2;12;0.143;14
be entertained;1;2;0.333;3
appears to be;1;0;1.0;1
are complex;1;1;0.5;2
break your heart;1;3;0.25;4
coasting;1;3;0.25;4
dogtown;1;1;0.5;2
from seeming;2;4;0.333;6
from start;1;0;1.0;1
make;2;1;0.667;3
make it more;1;10;0.091;11
man from;1;2;0.333;3
an exciting;1;0;1.0;1
bravery;1;3;0.25;4
derrida;1;1;0.5;2
it nice to;1;0;1.0;1
it seem;1;1;0.5;2
john;1;5;0.167;6
and exceedingly;1;0;1.0;1
buy the;1;0;1.0;1
cinema that;1;0;1.0;1
effective in;2;2;0.5;4
failing to;1;0;1.0;1
in film that;1;1;0.5;2
in order;1;1;0.5;2
in search of;1;2;0.333;3
in these;1;4;0.2;5
it promises;1;1;0.5;2
passer;1;0;1.0;1
burns;1;1;0.5;2
composed;2;10;0.167;12
devoid of wit;1;0;1.0;1
exceptionally well;1;0;1.0;1
funnier than;1;0;1.0;1
hits its;1;3;0.25;4
look back;1;0;1.0;1
nair doesn;1;0;1.0;1
of it is;1;6;0.143;7
and even;2;3;0.4;5
and loss;1;0;1.0;1
bogs down;1;6;0.143;7
bogus;1;1;0.5;2
cast but;1;11;0.083;12
director peter jackson;1;2;0.333;3
giggles;1;8;0.111;9
inventive;1;0;1.0;1
palatable;1;0;1.0;1
of mostly martha;1;0;1.0;1
entry into;2;1;0.667;3
envelope;2;1;0.667;3
impeccable;1;2;0.333;3
is lot more;1;1;0.5;2
master;2;1;0.667;3
and pick;1;0;1.0;1
buddy movie;1;3;0.25;4
doesn know;1;0;1.0;1
example of the;2;16;0.111;18
film simple;1;1;0.5;2
nothing left;2;3;0.4;5
or better;1;0;1.0;1
pop music;2;5;0.286;7
no;1;2;0.333;3
as many;1;3;0.25;4
can say for;2;3;0.4;5
it mildly;1;0;1.0;1
of mushy;1;0;1.0;1
overlook;1;0;1.0;1
character study is;1;0;1.0;1
choices;1;1;0.5;2
involved in;1;0;1.0;1
it appears to;1;1;0.5;2
old;2;0;1.0;2
beat;1;1;0.5;2
blame;2;6;0.25;8
city;2;1;0.667;3
for cryin out;1;1;0.5;2
good but it;1;8;0.111;9
hashiguchi;1;0;1.0;1
his life;1;0;1.0;1
accuracy;1;1;0.5;2
be comedy;2;2;0.5;4
al;1;0;1.0;1
and grant;1;0;1.0;1
and great;1;0;1.0;1
as kind;1;1;0.5;2
but far;1;2;0.333;3
but far more;1;2;0.333;3
feardotcom;1;2;0.333;3
in while;1;0;1.0;1
minute;1;0;1.0;1
of cultures;2;0;1.0;2
often enough;1;2;0.333;3
an improvement;1;1;0.5;2
bonus;1;4;0.2;5
film shortcomings;1;3;0.25;4
film should;1;0;1.0;1
frame and;1;0;1.0;1
lyrical;1;4;0.2;5
lyricism and;1;2;0.333;3
of japanese animation;1;0;1.0;1
construct;1;1;0.5;2
create;1;6;0.143;7
director but;1;3;0.25;4
humor or;1;1;0.5;2
is not an;1;6;0.143;7
is not as;1;6;0.143;7
philip glass;1;2;0.333;3
create an;1;1;0.5;2
about the film;1;2;0.333;3
aesthetic;1;0;1.0;1
as opposed to;1;1;0.5;2
everyone else;1;0;1.0;1
kung fu pictures;1;0;1.0;1
barrie;1;1;0.5;2
contempt;1;1;0.5;2
kurt;2;4;0.333;6
of age films;2;6;0.25;8
of age movie;2;1;0.667;3
of you who;1;0;1.0;1
21st;2;3;0.4;5
amir;1;1;0.5;2
and frustrating;1;1;0.5;2
best work in;1;8;0.111;9
he took;1;1;0.5;2
is interesting;1;3;0.25;4
its paint;1;1;0.5;2
off putting;1;14;0.067;15
comes when;1;6;0.143;7
even though;1;0;1.0;1
it merely lacks;1;0;1.0;1
ok;1;0;1.0;1
digressions;2;8;0.2;10
it seeks;1;0;1.0;1
jar jar;1;1;0.5;2
of age story;1;0;1.0;1
it more;1;0;1.0;1
not that;1;0;1.0;1
drek;3;11;0.214;14
other words it;1;1;0.5;2
other year;1;1;0.5;2
brand of;1;0;1.0;1
es una;1;1;0.5;2
be part;1;0;1.0;1
cumulative effect of;1;0;1.0;1
brio;1;3;0.25;4
hidden;1;3;0.25;4
over its;1;0;1.0;1
and timing;1;1;0.5;2
and to;1;0;1.0;1
be better;1;0;1.0;1
characters inhabit;1;7;0.125;8
dull;1;0;1.0;1
funny touching;1;5;0.167;6
incident;1;0;1.0;1
lends itself;1;1;0.5;2
checklist of;2;1;0.667;3
dot;1;2;0.333;3
most basic;1;1;0.5;2
after school special;1;0;1.0;1
clever and;2;12;0.143;14
cliche and;1;1;0.5;2
commended;1;0;1.0;1
guilty pleasure;1;1;0.5;2
historical event;1;1;0.5;2
on remote;1;0;1.0;1
keeps things moving;1;6;0.143;7
keeps this;1;2;0.333;3
meaning to the;1;0;1.0;1
of the show;1;1;0.5;2
of the singles;1;1;0.5;2
on madonna street;1;0;1.0;1
and there;1;1;0.5;2
bon;1;5;0.167;6
center;1;3;0.25;4
inquiry;1;0;1.0;1
its ideas;1;0;1.0;1
of how the;1;0;1.0;1
aged;1;0;1.0;1
bien;1;3;0.25;4
didn believe;1;1;0.5;2
exemplary;1;3;0.25;4
fields;1;0;1.0;1
and clumsily;1;0;1.0;1
documentary;1;1;0.5;2
elan;1;1;0.5;2
ever;1;4;0.2;5
ever after;1;0;1.0;1
last time;1;1;0.5;2
ability of;1;0;1.0;1
conjured;2;12;0.143;14
ends up;1;0;1.0;1
even if you;1;1;0.5;2
gianni;2;0;1.0;2
in this picture;1;2;0.333;3
laughs come;1;0;1.0;1
long and too;1;1;0.5;2
megaplex;2;5;0.286;7
of life and;1;0;1.0;1
of the longest;1;1;0.5;2
about grief;2;10;0.167;12
about grief and;1;0;1.0;1
disparate;2;2;0.5;4
drama romance;1;1;0.5;2
glued;1;1;0.5;2
great cast and;1;0;1.0;1
abuse;1;2;0.333;3
are easy;1;1;0.5;2
are easy to;1;1;0.5;2
children will be;1;1;0.5;2
decided;1;0;1.0;1
and challenging;1;0;1.0;1
have done;1;13;0.071;14
in town;1;1;0.5;2
intelligence as;1;1;0.5;2
jeffrey dahmer;1;0;1.0;1
just doesn make;1;3;0.25;4
black and white;1;5;0.167;6
coating;1;1;0.5;2
day of the;1;0;1.0;1
fide;1;1;0.5;2
goggles;2;1;0.667;3
conclusion;1;1;0.5;2
dynamic;1;0;1.0;1
his prime;1;0;1.0;1
laura;1;7;0.125;8
movie that will;1;3;0.25;4
in full;1;0;1.0;1
powerful and;1;1;0.5;2
powerful in;1;0;1.0;1
is so;1;1;0.5;2
is so insanely;2;0;1.0;2
out is;1;6;0.143;7
problem;1;1;0.5;2
devastatingly;1;1;0.5;2
just follow the;3;1;0.75;4
doesn work;1;1;0.5;2
go back to;1;4;0.2;5
himself as;1;0;1.0;1
movie winds up;1;0;1.0;1
overall feel;1;7;0.125;8
acting by;1;2;0.333;3
boost;1;0;1.0;1
down and;1;2;0.333;3
is aptly;1;0;1.0;1
its sleeve but;1;1;0.5;2
its soul;1;0;1.0;1
meet cute;2;2;0.5;4
account of the;1;3;0.25;4
accumulates;1;2;0.333;3
have to see;1;15;0.062;16
like life;1;0;1.0;1
passion in;1;1;0.5;2
and empathy;1;0;1.0;1
company of;1;4;0.2;5
exalted;1;1;0.5;2
examination;1;0;1.0;1
exoticism;1;3;0.25;4
expanded;1;1;0.5;2
it often;1;1;0.5;2
know you;1;1;0.5;2
litmus;1;7;0.125;8
of secrets;1;0;1.0;1
offers all the;1;5;0.167;6
offers an;1;1;0.5;2
and in the;1;4;0.2;5
and infuses;1;1;0.5;2
and insecurity;1;0;1.0;1
appeal to;1;0;1.0;1
appeal to the;1;0;1.0;1
broadway play;1;2;0.333;3
direct;1;1;0.5;2
direct hit;1;1;0.5;2
doesn exactly;1;0;1.0;1
erotically;1;0;1.0;1
garcia and;1;1;0.5;2
garde;1;1;0.5;2
new plot;1;0;1.0;1
of boring;2;2;0.5;4
of humor and;1;1;0.5;2
of their own;1;1;0.5;2
be lot better;1;0;1.0;1
conceptual;1;1;0.5;2
its awkward;1;3;0.25;4
brit;1;0;1.0;1
emperor;1;0;1.0;1
fictional;1;1;0.5;2
interest;1;0;1.0;1
it unfortunate;1;1;0.5;2
lean and;1;1;0.5;2
prepared to;1;1;0.5;2
has kind;1;0;1.0;1
all the actors;1;1;0.5;2
asset;1;0;1.0;1
believer;1;0;1.0;1
believes;1;0;1.0;1
business in the;1;2;0.333;3
help make;1;0;1.0;1
is slight and;1;1;0.5;2
interest in;1;1;0.5;2
movie works;1;6;0.143;7
an irresistible;2;5;0.286;7
carefully structured;4;3;0.571;7
exceptional performances;1;3;0.25;4
fat greek wedding;1;1;0.5;2
fatal mistake;1;0;1.0;1
figure;1;3;0.25;4
has played;1;3;0.25;4
is neither;1;0;1.0;1
can act;1;0;1.0;1
come from the;1;1;0.5;2
easy answers;1;1;0.5;2
having been;2;6;0.25;8
match;1;0;1.0;1
my sweet;1;3;0.25;4
expressions;1;1;0.5;2
kinnear performance is;1;1;0.5;2
kiss;1;1;0.5;2
lot better;1;1;0.5;2
placement;1;1;0.5;2
and done;2;2;0.5;4
and heartbreaking;3;13;0.188;16
elegantly;1;4;0.2;5
fits;2;3;0.4;5
giving;1;0;1.0;1
his determination to;1;1;0.5;2
it was made;1;0;1.0;1
not notice the;1;0;1.0;1
and vision;1;1;0.5;2
circumstances;1;0;1.0;1
does;1;0;1.0;1
ear for;2;1;0.667;3
happens to;1;0;1.0;1
honest performances and;1;7;0.125;8
jolting;1;0;1.0;1
might not have;1;0;1.0;1
numbers effort;1;0;1.0;1
of scenes;1;1;0.5;2
of scenes in;1;0;1.0;1
people are;1;0;1.0;1
nothing short;1;0;1.0;1
director is;1;3;0.25;4
greatest;1;3;0.25;4
heartache;1;1;0.5;2
jolie performance;1;0;1.0;1
of animal house;1;3;0.25;4
by movie;1;0;1.0;1
have given up;1;2;0.333;3
it deals;1;1;0.5;2
carol;1;0;1.0;1
hit or;1;0;1.0;1
in broad;1;0;1.0;1
category of;1;6;0.143;7
fulford wierzbicki;1;2;0.333;3
have about;1;1;0.5;2
marvel;1;3;0.25;4
marvelous;1;1;0.5;2
mask;1;0;1.0;1
much as it;1;0;1.0;1
distinctive;1;0;1.0;1
fan of;1;0;1.0;1
is that they;1;1;0.5;2
it still feels;1;0;1.0;1
it suffers from;1;4;0.2;5
lethargically paced;1;0;1.0;1
likely to have;1;0;1.0;1
memorial;1;0;1.0;1
of mystery;1;0;1.0;1
of playing;1;0;1.0;1
persnickety;1;0;1.0;1
poised;1;7;0.125;8
foremost;1;0;1.0;1
jordan;1;0;1.0;1
is saved;1;16;0.059;17
elements;2;1;0.667;3
flawed look;1;0;1.0;1
is by far;1;2;0.333;3
other but;1;1;0.5;2
deprecating;1;6;0.143;7
determine;1;3;0.25;4
do little to;1;2;0.333;3
fabric;1;9;0.1;10
are you;1;2;0.333;3
group;1;0;1.0;1
lengthy;1;1;0.5;2
mistake it;1;2;0.333;3
90 minutes of;1;1;0.5;2
it like an;1;1;0.5;2
noteworthy;1;2;0.333;3
4ever;1;7;0.125;8
album of;1;4;0.2;5
if all;1;1;0.5;2
it pleasant enough;2;4;0.333;6
all in;1;0;1.0;1
but flawed;1;3;0.25;4
glides;1;0;1.0;1
ivory;1;1;0.5;2
on life;1;2;0.333;3
on madonna;1;0;1.0;1
berry;1;5;0.167;6
foreign;1;2;0.333;3
et al;1;0;1.0;1
are an;1;1;0.5;2
coming;1;4;0.2;5
deleted;1;2;0.333;3
gentle humor;1;1;0.5;2
in large;1;1;0.5;2
of his own;1;2;0.333;3
computer;1;1;0.5;2
computer animated;1;1;0.5;2
doubt the;1;0;1.0;1
doubtless;1;0;1.0;1
handful of;1;4;0.2;5
it grows;1;5;0.167;6
jar;2;1;0.667;3
piece of;1;1;0.5;2
about real;1;1;0.5;2
despite its flaws;1;0;1.0;1
feel guilty about;1;0;1.0;1
as long;1;0;1.0;1
of chicago;1;4;0.2;5
of evans;1;0;1.0;1
is too;1;0;1.0;1
is too busy;1;0;1.0;1
makes absolutely no;2;1;0.667;3
national;1;1;0.5;2
10;1;5;0.167;6
10 minutes;1;2;0.333;3
convenient plot twists;1;1;0.5;2
convention;1;0;1.0;1
examples of;1;0;1.0;1
future that;1;2;0.333;3
of laughter;1;6;0.143;7
old fashioned;1;1;0.5;2
old fashioned in;1;1;0.5;2
premise but;1;2;0.333;3
and crude;1;0;1.0;1
it actually;2;2;0.5;4
plummer as the;1;2;0.333;3
1984;1;0;1.0;1
love with its;2;2;0.5;4
also one;1;0;1.0;1
decade;1;10;0.091;11
ditched the;2;3;0.4;5
film lies;1;1;0.5;2
and absolutely;1;0;1.0;1
done it;1;26;0.037;27
hard to know;1;0;1.0;1
air;1;0;1.0;1
chick;2;6;0.25;8
each;1;3;0.25;4
has compelling;1;0;1.0;1
his message;2;1;0.667;3
movies were;1;0;1.0;1
new film is;1;0;1.0;1
not amused;1;3;0.25;4
alas it;1;7;0.125;8
bout;1;15;0.062;16
bowel;1;0;1.0;1
chabrol;1;4;0.2;5
hop culture;1;0;1.0;1
human comedy;1;1;0.5;2
igby;1;4;0.2;5
ignite;1;1;0.5;2
in spirit;1;2;0.333;3
it tough;1;1;0.5;2
its subject matter;1;4;0.2;5
of birthday girl;1;1;0.5;2
has fashioned;1;4;0.2;5
invite;1;1;0.5;2
last 15;2;2;0.5;4
of us;1;0;1.0;1
almost certainly;1;4;0.2;5
1975;1;0;1.0;1
fight scenes;1;0;1.0;1
jerry springer;1;1;0.5;2
mix;1;4;0.2;5
briefly;1;0;1.0;1
full of surprises;1;12;0.077;13
in fact it;1;1;0.5;2
is hindered;1;1;0.5;2
my head;1;1;0.5;2
my interest;1;1;0.5;2
outtakes;1;0;1.0;1
ahola;1;0;1.0;1
appears to;1;0;1.0;1
but only;2;8;0.2;10
endeavour;1;1;0.5;2
film replete;1;0;1.0;1
film replete with;1;0;1.0;1
in favor;1;1;0.5;2
maternal;1;1;0.5;2
19;1;0;1.0;1
hermitage;1;0;1.0;1
is way;2;5;0.286;7
milieu;1;0;1.0;1
not even;1;0;1.0;1
not even steven;1;0;1.0;1
of times;1;2;0.333;3
overwhelm;1;0;1.0;1
pause;1;0;1.0;1
chicago;1;8;0.111;9
it but;1;1;0.5;2
every point;1;1;0.5;2
freddy got;1;1;0.5;2
game cast;1;0;1.0;1
lurking;1;0;1.0;1
of dangerous;1;1;0.5;2
only of;1;7;0.125;8
absurdity of;2;2;0.5;4
darkly;1;0;1.0;1
have some;1;0;1.0;1
itself to;1;4;0.2;5
keeps getting;1;0;1.0;1
mind of;2;1;0.667;3
care about them;1;3;0.25;4
in the theater;1;0;1.0;1
its many;1;1;0.5;2
encourage;1;10;0.091;11
handheld;1;0;1.0;1
handily;1;0;1.0;1
is it;1;0;1.0;1
or that;1;5;0.167;6
ill;1;0;1.0;1
above all;1;0;1.0;1
arliss;1;4;0.2;5
ethos;1;2;0.333;3
everything about;1;2;0.333;3
everything and;1;0;1.0;1
film can;1;0;1.0;1
film can be;1;0;1.0;1
forgets about;1;1;0.5;2
predictably;1;1;0.5;2
between human;1;2;0.333;3
its target;1;5;0.167;6
its target audience;1;2;0.333;3
gorgeous film;1;0;1.0;1
definitely one;1;1;0.5;2
from start to;1;0;1.0;1
in the city;2;0;1.0;2
of this ancient;1;3;0.25;4
define his;1;1;0.5;2
it too long;1;3;0.25;4
not bad;1;0;1.0;1
barely;1;0;1.0;1
examining;1;0;1.0;1
moved;1;0;1.0;1
hair;1;6;0.143;7
him to;1;3;0.25;4
himself;1;3;0.25;4
if we re;1;1;0.5;2
maddeningly;1;3;0.25;4
movies but;1;0;1.0;1
outside the;1;0;1.0;1
entertaining but it;1;0;1.0;1
entertaining comedy;1;0;1.0;1
an italian;1;2;0.333;3
expression;1;0;1.0;1
extraordinary;1;2;0.333;3
in imax;1;2;0.333;3
mawkish;1;2;0.333;3
plot so;1;1;0.5;2
about this film;1;1;0.5;2
about this movie;1;1;0.5;2
about those;1;0;1.0;1
but without;1;3;0.25;4
emergency;1;1;0.5;2
emerges in;1;0;1.0;1
end credits;1;3;0.25;4
locations and;1;0;1.0;1
much in;1;0;1.0;1
but instead;1;5;0.167;6
hence;1;1;0.5;2
leaps of faith;1;2;0.333;3
movie this;1;2;0.333;3
murder and;1;0;1.0;1
as artificial;1;2;0.333;3
assumes;1;0;1.0;1
fascinating and;1;0;1.0;1
originality of;1;0;1.0;1
barry;1;1;0.5;2
barry sonnenfeld;1;1;0.5;2
bath;1;2;0.333;3
formulaic that;1;0;1.0;1
forsaken;1;0;1.0;1
its way;1;2;0.333;3
beautifully crafted and;1;1;0.5;2
beautifully made;1;1;0.5;2
have come to;1;0;1.0;1
is must;1;4;0.2;5
of the power;1;1;0.5;2
air but;1;0;1.0;1
it could;1;0;1.0;1
any particular;1;6;0.143;7
be interested in;1;4;0.2;5
does not make;1;3;0.25;4
educational and;1;2;0.333;3
is like being;1;2;0.333;3
know the;1;1;0.5;2
misfires;1;1;0.5;2
afraid to;1;1;0.5;2
flippant;1;2;0.333;3
man who uses;1;0;1.0;1
parker;2;3;0.4;5
and the period;1;0;1.0;1
fitting;1;0;1.0;1
old school;1;1;0.5;2
be human;1;2;0.333;3
only for;1;1;0.5;2
all more;1;0;1.0;1
and truth;1;2;0.333;3
intolerable;1;3;0.25;4
mainly;1;0;1.0;1
mainly to;1;0;1.0;1
of production that;1;0;1.0;1
disingenuous;1;3;0.25;4
enough to make;1;0;1.0;1
film with an;1;0;1.0;1
filmmaker of;1;0;1.0;1
frankenstein;1;3;0.25;4
frankness;1;0;1.0;1
heartfelt performances;1;0;1.0;1
his heart;1;0;1.0;1
leaden and;1;4;0.2;5
making them;1;0;1.0;1
of human behavior;1;1;0.5;2
personality;1;1;0.5;2
personally;1;1;0.5;2
predecessor but;1;0;1.0;1
archival footage;1;0;1.0;1
collage;1;1;0.5;2
edged;1;0;1.0;1
eisenstein;1;0;1.0;1
funny moments;1;0;1.0;1
movie in;1;2;0.333;3
can miss;1;1;0.5;2
city by;1;0;1.0;1
caruso;1;4;0.2;5
get the;1;1;0.5;2
get the audience;1;1;0.5;2
blow;1;5;0.167;6
doesn feel like;1;1;0.5;2
apart is;1;1;0.5;2
compare;1;2;0.333;3
connection and;1;0;1.0;1
insufferably;1;1;0.5;2
its own;1;2;0.333;3
most impressive;1;0;1.0;1
as best;1;0;1.0;1
entire movie;1;3;0.25;4
film by;1;2;0.333;3
have guessed;2;2;0.5;4
and not bad;1;2;0.333;3
coarseness;1;1;0.5;2
director michael apted;1;5;0.167;6
entertaining film;2;0;1.0;2
imperfect;1;1;0.5;2
only in;1;0;1.0;1
age story with;1;2;0.333;3
and at least;1;0;1.0;1
been an;1;0;1.0;1
driven;1;3;0.25;4
feature;1;0;1.0;1
is based on;1;2;0.333;3
journey of;1;0;1.0;1
and heavy handed;1;2;0.333;3
brilliant;1;2;0.333;3
brilliant and;1;0;1.0;1
brilliant as;1;0;1.0;1
confident;1;1;0.5;2
confident enough;1;0;1.0;1
creek;1;1;0.5;2
it difficult to;1;2;0.333;3
it does;1;2;0.333;3
it does because;1;0;1.0;1
just big;1;2;0.333;3
of the great;1;0;1.0;1
and narrative;1;0;1.0;1
and wide;1;0;1.0;1
community;1;0;1.0;1
gorgeous;1;2;0.333;3
not well;1;2;0.333;3
and sincere;1;0;1.0;1
and slash;1;0;1.0;1
clear of;1;0;1.0;1
going to make;1;0;1.0;1
and not enough;0;3;0;3
checking;0;1;0;1
checklist;0;1;0;1
else is;0;2;0;2
end of;0;5;0;5
end result is;0;1;0;1
for only;0;4;0;4
for passion;0;4;0;4
freeman and;0;5;0;5
freeman and judd;0;3;0;3
frenetic;0;3;0;3
go through;0;3;0;3
is perfectly;0;4;0;4
look behind the;0;3;0;3
movie that is;0;2;0;2
movie that isn;0;2;0;2
of interest;0;2;0;2
of sophisticated;0;5;0;5
of special;0;1;0;1
accessible;0;1;0;1
hammy;0;2;0;2
irresistibly;0;10;0;10
music you;0;3;0;3
new way;0;2;0;2
of tv;0;5;0;5
only an;0;1;0;1
but as;0;1;0;1
got the;0;1;0;1
have worked;0;1;0;1
in different;0;4;0;4
is surely;0;1;0;1
often achieves;0;1;0;1
pauline and paulette;0;1;0;1
prefer to;0;3;0;3
pride;0;1;0;1
case of;0;1;0;1
chew;0;2;0;2
directs;0;3;0;3
foolish;0;4;0;4
is an interesting;0;1;0;1
of 20th;0;1;0;1
borstal boy;0;2;0;2
drama that offers;0;3;0;3
dramatic scenes;0;1;0;1
fetched;0;5;0;5
40 years;0;1;0;1
45;0;1;0;1
and go;0;1;0;1
between the two;0;1;0;1
in gross;0;3;0;3
in gross out;0;2;0;2
it doesn have;0;1;0;1
its awkward structure;0;3;0;3
its best;0;2;0;2
jovial;0;4;0;4
known as;0;1;0;1
long after;0;3;0;3
long after you;0;2;0;2
minority report is;0;1;0;1
personal;0;1;0;1
as close;0;1;0;1
by numbers;0;1;0;1
by numbers is;0;1;0;1
da;0;5;0;5
full monty;0;1;0;1
appear to be;0;4;0;4
county;0;1;0;1
greatly;0;4;0;4
invincible;0;2;0;2
lion;0;2;0;2
continuation;0;2;0;2
laugh out;0;1;0;1
love in new;0;1;0;1
adaptations;0;2;0;2
based;0;4;0;4
go down in;0;3;0;3
it movie that;0;1;0;1
nice twists;0;3;0;3
comprehension;0;2;0;2
compressed;0;2;0;2
emotional;0;2;0;2
has none of;0;1;0;1
maudlin;0;3;0;3
bold;0;1;0;1
cup of tea;0;2;0;2
can remember;0;4;0;4
closure;0;2;0;2
danger;0;7;0;7
inert;0;4;0;4
inertia;0;1;0;1
is risky;0;3;0;3
it makes me;0;3;0;3
maximum;0;5;0;5
noise;0;1;0;1
cannibal;0;3;0;3
for an intelligent;0;2;0;2
penchant for;0;1;0;1
decide if;0;2;0;2
degraded;0;4;0;4
director david;0;2;0;2
alone;0;2;0;2
assaults;0;1;0;1
compulsive;0;7;0;7
compulsively;0;1;0;1
friends;0;3;0;3
horror genre;0;1;0;1
long movie;0;1;0;1
long on;0;1;0;1
look at but;0;3;0;3
buddy;0;1;0;1
buddy comedy;0;1;0;1
isn in;0;1;0;1
and amateurish;0;4;0;4
as watching your;0;1;0;1
elevated by;0;1;0;1
feel bad;0;1;0;1
fisher;0;1;0;1
for hollywood;0;1;0;1
for humor;0;1;0;1
and highly;0;2;0;2
between its;0;1;0;1
confessions;0;1;0;1
establish;0;1;0;1
its time;0;1;0;1
piece to;0;1;0;1
hopefully;0;2;0;2
epilogue;0;2;0;2
learned;0;6;0;6
lucky break is;0;2;0;2
most;0;2;0;2
deftly;0;1;0;1
dizzying;0;5;0;5
do;0;5;0;5
contrivances;0;4;0;4
could ever have;0;1;0;1
especially well;0;3;0;3
favor;0;2;0;2
from stock;0;1;0;1
is disappointingly;0;8;0;8
last orders;0;1;0;1
achieves sort of;0;3;0;3
film comes;0;2;0;2
film itself is;0;1;0;1
film knows;0;1;0;1
lot more;0;1;0;1
borrow;0;1;0;1
candid and;0;4;0;4
did they;0;4;0;4
it starts to;0;1;0;1
it still;0;1;0;1
follow up;0;4;0;4
notable for;0;3;0;3
obviously;0;1;0;1
arrived;0;1;0;1
as watching;0;1;0;1
director sam mendes;0;2;0;2
everyone from;0;1;0;1
everyone involved;0;1;0;1
flash that;0;8;0;8
as detailed;0;9;0;9
as is;0;1;0;1
andersson;0;1;0;1
is there;0;3;0;3
nadia;0;6;0;6
nail biting;0;3;0;3
and possibly;0;5;0;5
find that;0;4;0;4
funny in;0;4;0;4
next;0;5;0;5
of one of;0;2;0;2
jar jar binks;0;3;0;3
loud;0;2;0;2
movie full of;0;4;0;4
contriving;0;1;0;1
ending doesn;0;1;0;1
of age tale;0;1;0;1
of style and;0;2;0;2
15;0;1;0;1
all too;0;1;0;1
close;0;6;0;6
on the west;0;1;0;1
accept the;0;1;0;1
by any of;0;1;0;1
is much;0;6;0;6
is much more;0;1;0;1
lunacy;0;1;0;1
better if;0;2;0;2
caper;0;1;0;1
do justice;0;2;0;2
masterful;0;9;0;9
at how;0;1;0;1
from the screenplay;0;3;0;3
in fairy;0;5;0;5
but it the;0;2;0;2
but it was;0;2;0;2
cold;0;1;0;1
of those;0;4;0;4
and character development;0;2;0;2
and characters;0;1;0;1
fascinating character;0;1;0;1
artful;0;5;0;5
artfully;0;4;0;4
artifice;0;1;0;1
blood work;0;4;0;4
especially;0;2;0;2
ll ever see;0;3;0;3
done;0;1;0;1
laughing at;0;2;0;2
manhattan is;0;1;0;1
panorama;0;4;0;4
and sobering;0;1;0;1
bourgeois;0;8;0;8
disarmingly;0;5;0;5
homes;0;5;0;5
hypocritical;0;3;0;3
isn funny;0;4;0;4
kick;0;1;0;1
marred;0;6;0;6
pootie tang;0;1;0;1
avalanche;0;1;0;1
business of;0;3;0;3
buying;0;4;0;4
court;0;1;0;1
line to;0;2;0;2
lunatic;0;4;0;4
anguished;0;3;0;3
film is about;0;4;0;4
film is almost;0;2;0;2
film must;0;1;0;1
film never;0;1;0;1
not nearly;0;1;0;1
not nearly enough;0;1;0;1
not nearly long;0;1;0;1
armenian genocide;0;2;0;2
as pathetic;0;2;0;2
as perfect;0;2;0;2
australian;0;1;0;1
delivered in;0;8;0;8
delivers;0;1;0;1
flawed;0;1;0;1
flawed and;0;1;0;1
gangster movie;0;2;0;2
had more;0;4;0;4
and finely;0;3;0;3
dynamics;0;1;0;1
have been;0;2;0;2
its premise;0;2;0;2
martin lawrence;0;1;0;1
martin scorsese;0;1;0;1
not easily;0;2;0;2
get made;0;3;0;3
it or not;0;1;0;1
an episode of;0;2;0;2
bothers;0;2;0;2
continuity;0;2;0;2
femme fatale;0;2;0;2
film the;0;2;0;2
materials;0;1;0;1
observation of;0;5;0;5
of comedy and;0;1;0;1
pacino;0;2;0;2
pacino is;0;2;0;2
pack;0;2;0;2
penetrating;0;2;0;2
action fantasy;0;2;0;2
and what is;0;4;0;4
chaos of;0;1;0;1
he has been;0;10;0;10
is beautiful film;0;5;0;5
is on the;0;1;0;1
adventures;0;5;0;5
adventures of;0;3;0;3
come in;0;3;0;3
come off;0;2;0;2
get;0;1;0;1
ice cube;0;2;0;2
liking;0;2;0;2
nohe;0;1;0;1
our own;0;1;0;1
about couple of;0;3;0;3
compelling;0;1;0;1
alabama is;0;4;0;4
alabama isn;0;1;0;1
had in;0;6;0;6
bites off;0;1;0;1
doesn sustain;0;1;0;1
of ideas;0;1;0;1
out comedy;0;5;0;5
out for;0;4;0;4
amateur;0;2;0;2
as they were;0;4;0;4
at home;0;1;0;1
little horror;0;2;0;2
only reason;0;3;0;3
only satisfy;0;3;0;3
performances of;0;3;0;3
for la salle;0;2;0;2
for laughs;0;2;0;2
hit theaters since;0;2;0;2
is clearly;0;1;0;1
likely to;0;2;0;2
off each;0;3;0;3
one at;0;1;0;1
power of;0;1;0;1
and thanks to;0;5;0;5
inept and;0;1;0;1
mull;0;1;0;1
and brutally;0;2;0;2
kissing jessica stein;0;5;0;5
and mouse;0;1;0;1
apply;0;4;0;4
it possible for;0;2;0;2
made movie about;0;1;0;1
people who are;0;1;0;1
an enormous;0;2;0;2
and two smoking;0;3;0;3
and ugly;0;2;0;2
crossed;0;3;0;3
dahmer;0;2;0;2
especially for;0;3;0;3
even have;0;1;0;1
pays;0;3;0;3
be something;0;2;0;2
holes in;0;3;0;3
its lead;0;1;0;1
knew what;0;2;0;2
of yourself;0;2;0;2
one too;0;3;0;3
and throw;0;1;0;1
but doesn;0;1;0;1
favourite;0;2;0;2
and unintentionally;0;1;0;1
laconic;0;4;0;4
off of;0;3;0;3
guaranteed;0;2;0;2
in the world;0;2;0;2
much tongue in;0;7;0;7
muckraking;0;2;0;2
and saddled;0;1;0;1
as each;0;1;0;1
can see;0;1;0;1
character development and;0;1;0;1
closer than;0;1;0;1
is always;0;5;0;5
is an action;0;1;0;1
lucky;0;2;0;2
musical and;0;4;0;4
50;0;1;0;1
attempts to be;0;1;0;1
books;0;1;0;1
brave;0;2;0;2
groan;0;7;0;7
loved;0;1;0;1
of little;0;4;0;4
perfectly inoffensive;0;2;0;2
en;0;3;0;3
knockoff;0;1;0;1
possesses;0;2;0;2
deepest;0;2;0;2
espn;0;3;0;3
from the first;0;1;0;1
is its;0;1;0;1
of promise;0;5;0;5
plays out;0;3;0;3
plays out like;0;1;0;1
and grace;0;1;0;1
by surrounding;0;4;0;4
it needs;0;1;0;1
it needs to;0;1;0;1
may prove;0;6;0;6
may seem;0;6;0;6
and self indulgent;0;6;0;6
fervently;0;1;0;1
forth;0;1;0;1
identity;0;3;0;3
is like watching;0;4;0;4
is likely;0;1;0;1
acting like;0;3;0;3
journey;0;2;0;2
an important movie;0;1;0;1
an impossible;0;1;0;1
and allows the;0;2;0;2
discovery;0;1;0;1
doug liman;0;1;0;1
element here;0;1;0;1
alexandre dumas classic;0;1;0;1
and sci fi;0;7;0;7
cliff;0;1;0;1
glamour and;0;2;0;2
glaring;0;2;0;2
movie you can;0;1;0;1
eccentric and;0;2;0;2
little;0;1;0;1
movie franchise;0;2;0;2
immediately;0;1;0;1
insulting;0;5;0;5
of something;0;2;0;2
filmmaker with;0;1;0;1
in contemporary;0;1;0;1
largely for its;0;3;0;3
out of;0;2;0;2
out of an;0;2;0;2
outcome of;0;1;0;1
photo is;0;1;0;1
photographed;0;1;0;1
lovely film;0;1;0;1
mistaken identity;0;1;0;1
one way or;0;3;0;3
orange county is;0;3;0;3
awful lot like;0;4;0;4
fans are;0;3;0;3
heroes of;0;1;0;1
humor and;0;3;0;3
like this;0;2;0;2
off his;0;2;0;2
overly familiar;0;2;0;2
passions;0;1;0;1
can be when;0;2;0;2
create characters;0;2;0;2
dim;0;2;0;2
discovery and;0;1;0;1
every so often;0;12;0;12
be total;0;1;0;1
earnhart;0;1;0;1
engaging;0;3;0;3
it can;0;2;0;2
85 minutes;0;1;0;1
and sarandon;0;4;0;4
and scale;0;1;0;1
and there are;0;2;0;2
angst and;0;1;0;1
angst of;0;1;0;1
great film;0;1;0;1
great films;0;1;0;1
overall effect is;0;3;0;3
paint by numbers;0;3;0;3
preposterous and;0;8;0;8
and into;0;2;0;2
emphasizes;0;1;0;1
harry;0;3;0;3
harry potter;0;3;0;3
is daring;0;1;0;1
legend;0;2;0;2
and dance;0;1;0;1
as romantic;0;2;0;2
bruce;0;2;0;2
delight;0;1;0;1
impressive for;0;3;0;3
lynch;0;3;0;3
as distinctive;0;2;0;2
far beyond;0;1;0;1
is completely;0;4;0;4
is confusing;0;2;0;2
is masterpiece;0;5;0;5
must be given;0;4;0;4
must for;0;2;0;2
broken;0;2;0;2
brooklyn;0;2;0;2
concept;0;2;0;2
concept films;0;1;0;1
emergence;0;3;0;3
expensive;0;2;0;2
film suffers;0;3;0;3
hokey;0;5;0;5
hokum;0;3;0;3
parade;0;2;0;2
but as the;0;3;0;3
but at;0;3;0;3
carrying;0;5;0;5
cast to;0;2;0;2
collected;0;2;0;2
crime melodrama;0;2;0;2
dragon;0;1;0;1
four feathers;0;1;0;1
as bad as;0;1;0;1
bang;0;1;0;1
excellent use of;0;1;0;1
one of our;0;1;0;1
pluto;0;3;0;3
all things;0;1;0;1
becoming;0;2;0;2
camp;0;2;0;2
character driven;0;2;0;2
more questions;0;2;0;2
of death;0;2;0;2
at best;0;1;0;1
beautifully shot;0;9;0;9
end result;0;1;0;1
and beautifully photographed;0;3;0;3
and devolves;0;6;0;6
collaboration;0;2;0;2
collaborators;0;2;0;2
daniel auteuil;0;3;0;3
and just;0;2;0;2
and never;0;4;0;4
and new;0;2;0;2
and plodding;0;1;0;1
bet;0;2;0;2
disorienting;0;4;0;4
film school;0;2;0;2
happening but;0;1;0;1
it ends in;0;9;0;9
names;0;2;0;2
none of the;0;1;0;1
not just;0;2;0;2
novels;0;1;0;1
off into;0;3;0;3
philosophical;0;8;0;8
beneath the;0;1;0;1
by then;0;1;0;1
comedy it;0;2;0;2
it only;0;1;0;1
ken;0;3;0;3
of slapstick;0;3;0;3
can stomach the;0;2;0;2
martial arts;0;1;0;1
elysian;0;1;0;1
mark it;0;2;0;2
movie in long;0;1;0;1
possession;0;3;0;3
20th;0;2;0;2
and dreary;0;2;0;2
bracingly;0;4;0;4
but their;0;1;0;1
direct to;0;2;0;2
caught up;0;2;0;2
conduct is;0;1;0;1
deeper than;0;2;0;2
from your;0;3;0;3
jie;0;1;0;1
of masterpiece;0;1;0;1
and story;0;1;0;1
are painfully;0;1;0;1
at almost every;0;1;0;1
awkward structure;0;2;0;2
awkwardly;0;2;0;2
ditched;0;1;0;1
fun family;0;5;0;5
fun with;0;1;0;1
infrequently;0;2;0;2
it is more;0;7;0;7
it is quite;0;4;0;4
its quest;0;1;0;1
just about as;0;5;0;5
made the;0;2;0;2
not movie about;0;5;0;5
of new;0;1;0;1
and barry;0;1;0;1
combined with the;0;1;0;1
either of those;0;1;0;1
either the;0;1;0;1
genitals;0;3;0;3
it also;0;1;0;1
it also has;0;1;0;1
on the big;0;1;0;1
deliberately;0;1;0;1
empowerment;0;6;0;6
for kids;0;2;0;2
beginners;0;6;0;6
except its;0;2;0;2
except maybe;0;2;0;2
or even all;0;4;0;4
an epic;0;1;0;1
bill paxton;0;2;0;2
it were;0;2;0;2
nod to;0;2;0;2
can also;0;2;0;2
brim with;0;1;0;1
fire delivery;0;1;0;1
or humor;0;2;0;2
from oscar;0;2;0;2
disney;0;2;0;2
haunted;0;2;0;2
in showing;0;1;0;1
inject;0;1;0;1
hold the;0;3;0;3
honest enough;0;1;0;1
its own good;0;1;0;1
national lampoon van;0;1;0;1
nationwide;0;1;0;1
longtime;0;1;0;1
parent;0;3;0;3
and romantic;0;3;0;3
arrogant;0;1;0;1
busy;0;2;0;2
it really is;0;2;0;2
an open;0;3;0;3
comedy with;0;1;0;1
gets more;0;1;0;1
lucy liu;0;3;0;3
lyricism;0;1;0;1
and little else;0;1;0;1
is worse;0;2;0;2
may have;0;1;0;1
nonsense that;0;2;0;2
poor and;0;5;0;5
clue you in;0;7;0;7
dass fierce;0;5;0;5
didn care;0;1;0;1
isn it;0;1;0;1
intensity and;0;2;0;2
is uniformly;0;2;0;2
is uniformly superb;0;1;0;1
never takes;0;1;0;1
only one;0;1;0;1
pilot;0;1;0;1
charming but slight;0;2;0;2
its charms;0;1;0;1
often just;0;3;0;3
and honestly;0;1;0;1
awful that;0;1;0;1
heart and mind;0;1;0;1
just didn care;0;3;0;3
aim;0;3;0;3
an astonishing;0;3;0;3
beat the;0;4;0;4
hour and;0;1;0;1
in sweet;0;3;0;3
in unexpected;0;1;0;1
it it;0;2;0;2
makes his;0;1;0;1
and feels more;0;1;0;1
audrey;0;1;0;1
bravura;0;1;0;1
entertaining to;0;1;0;1
her and;0;1;0;1
images of;0;2;0;2
its low;0;1;0;1
mcgrath version;0;2;0;2
movie biz;0;1;0;1
on its sleeve;0;1;0;1
on itself;0;1;0;1
overwhelming;0;1;0;1
chord with;0;1;0;1
choreographed;0;1;0;1
cuisine and;0;2;0;2
laws;0;5;0;5
movie nothing;0;3;0;3
movie of;0;1;0;1
ponder the;0;2;0;2
exciting and;0;2;0;2
be quirky;0;4;0;4
does is;0;9;0;9
hole in;0;2;0;2
isn exactly;0;1;0;1
manipulative;0;1;0;1
never comes together;0;1;0;1
of pop;0;1;0;1
and predictable and;0;1;0;1
every possible;0;1;0;1
every potential;0;1;0;1
film that makes;0;4;0;4
hard to tell;0;1;0;1
interrupted by;0;1;0;1
movie is silly;0;1;0;1
movie is so;0;1;0;1
muddled and;0;1;0;1
air conditioning;0;1;0;1
and blood;0;1;0;1
barney;0;2;0;2
but quite;0;4;0;4
feelings of;0;2;0;2
feels;0;2;0;2
he or;0;1;0;1
horrible;0;2;0;2
is almost completely;0;6;0;6
it must be;0;1;0;1
mummy returns;0;3;0;3
anchors;0;2;0;2
and turns;0;2;0;2
cult classic;0;1;0;1
dumbness;0;2;0;2
dummies;0;2;0;2
great yarn;0;1;0;1
better off;0;1;0;1
enamored;0;1;0;1
let;0;1;0;1
about family;0;2;0;2
characters that;0;1;0;1
for too;0;1;0;1
it falls;0;1;0;1
piffle;0;1;0;1
elements of;0;1;0;1
in other films;0;1;0;1
is an enjoyable;0;5;0;5
it uses;0;1;0;1
but the cast;0;2;0;2
despite their;0;6;0;6
artistic collaboration;0;2;0;2
artistic integrity;0;1;0;1
making of;0;1;0;1
mark of;0;3;0;3
once you;0;3;0;3
one about;0;2;0;2
can out;0;2;0;2
figures from;0;1;0;1
focused;0;4;0;4
past with;0;1;0;1
good naturedly;0;2;0;2
grimy;0;1;0;1
information;0;1;0;1
of spy;0;3;0;3
or documentary;0;2;0;2
greg;0;1;0;1
grenade;0;1;0;1
grows;0;1;0;1
least as;0;4;0;4
least bit;0;1;0;1
moviegoing;0;2;0;2
moviegoing pleasures;0;1;0;1
all but the;0;2;0;2
essentially;0;1;0;1
its own story;0;4;0;4
over by;0;2;0;2
enjoying this;0;1;0;1
intense;0;1;0;1
intense and;0;1;0;1
intimate and;0;2;0;2
chinese;0;1;0;1
jerking;0;2;0;2
it makes your;0;1;0;1
nor as;0;2;0;2
feels more like;0;1;0;1
james;0;1;0;1
memorable performances;0;1;0;1
performance he;0;1;0;1
jelinek novel;0;3;0;3
might wind;0;2;0;2
can disguise the;0;2;0;2
can seem;0;6;0;6
can shake;0;1;0;1
director can;0;2;0;2
humor so;0;1;0;1
of way;0;6;0;6
criticism;0;3;0;3
all bluster;0;2;0;2
completely lacking;0;2;0;2
confines;0;2;0;2
from the other;0;3;0;3
it is does;0;2;0;2
lot of the;0;2;0;2
an exceptionally;0;1;0;1
bothers to;0;1;0;1
greenlight;0;1;0;1
holocaust;0;1;0;1
ops;0;2;0;2
and focus;0;4;0;4
great;0;1;0;1
but that it;0;3;0;3
forth as;0;4;0;4
foul;0;1;0;1
has history;0;1;0;1
has in;0;1;0;1
is just as;0;1;0;1
is short;0;2;0;2
breezy;0;1;0;1
2002;0;2;0;2
and intimate;0;1;0;1
don be;0;3;0;3
films but it;0;2;0;2
is art;0;6;0;6
life in an;0;1;0;1
logic and;0;2;0;2
logic of;0;2;0;2
musicals;0;1;0;1
of dark comedy;0;1;0;1
but because it;0;1;0;1
but believe;0;1;0;1
earns;0;1;0;1
many more;0;1;0;1
draw;0;1;0;1
failure it;0;1;0;1
her life;0;2;0;2
her own;0;1;0;1
its casting;0;2;0;2
its characters and;0;1;0;1
never lets up;0;2;0;2
certain level;0;2;0;2
fantastical;0;2;0;2
not because;0;2;0;2
about modern;0;2;0;2
aid;0;4;0;4
arts;0;1;0;1
eye popping visuals;0;6;0;6
fierce grace;0;1;0;1
makes one;0;1;0;1
dulled;0;2;0;2
ensemble comedy;0;1;0;1
lesson in;0;2;0;2
catharsis;0;3;0;3
is more like;0;1;0;1
on several;0;1;0;1
adding;0;2;0;2
in creating;0;1;0;1
attempt at;0;1;0;1
have taken;0;1;0;1
have that;0;1;0;1
have the;0;2;0;2
hollywood remake;0;2;0;2
is very funny;0;2;0;2
hit or miss;0;3;0;3
of the heart;0;2;0;2
19 the widowmaker;0;1;0;1
generally;0;1;0;1
in front of;0;1;0;1
is does;0;1;0;1
military;0;1;0;1
fresh as;0;3;0;3
observations;0;1;0;1
cutter;0;3;0;3
and while the;0;2;0;2
ballistic;0;1;0;1
broad;0;1;0;1
pleasant enough;0;1;0;1
answer;0;2;0;2
answer is;0;1;0;1
in the first;0;1;0;1
bigelow;0;6;0;6
its details;0;1;0;1
best to;0;2;0;2
ends with;0;3;0;3
endurance;0;1;0;1
entry in;0;4;0;4
gem of;0;2;0;2
movie making;0;1;0;1
on ugly;0;3;0;3
place at;0;5;0;5
any given;0;1;0;1
board;0;1;0;1
borrows from;0;2;0;2
or her own;0;1;0;1
bending;0;1;0;1
buy;0;4;0;4
enough and;0;1;0;1
justify its;0;2;0;2
critics;0;1;0;1
for with;0;3;0;3
itself too seriously;0;2;0;2
made its;0;1;0;1
movie than;0;3;0;3
of blue;0;1;0;1
an ounce;0;1;0;1
connect the dots;0;2;0;2
directed it;0;1;0;1
humor of;0;1;0;1
more than well;0;1;0;1
more time;0;1;0;1
cheerful;0;1;0;1
fleming;0;3;0;3
go wrong;0;2;0;2
attacks;0;2;0;2
disposable;0;1;0;1
entertaining comedy that;0;1;0;1
gratefully;0;8;0;8
of the big;0;2;0;2
overcome the;0;2;0;2
perspective and;0;4;0;4
juwanna mann;0;2;0;2
cliched dialogue;0;3;0;3
cliched to;0;3;0;3
firmly believe that;0;1;0;1
it is wise;0;1;0;1
plane;0;1;0;1
and downright creepy;0;1;0;1
had so;0;2;0;2
jolie;0;2;0;2
pre;0;2;0;2
cinderella story;0;4;0;4
as an actress;0;1;0;1
as an all;0;1;0;1
as an athlete;0;1;0;1
denial about;0;1;0;1
denied;0;1;0;1
denying the;0;7;0;7
dialogue with;0;1;0;1
few and far;0;4;0;4
french;0;4;0;4
half hour;0;5;0;5
he gone;0;2;0;2
idea of the;0;4;0;4
idea that;0;2;0;2
in years and;0;1;0;1
next to;0;1;0;1
is rather like;0;1;0;1
and allows;0;1;0;1
cinema but;0;1;0;1
crowd pleaser;0;2;0;2
in the middle;0;2;0;2
leave the;0;1;0;1
manual;0;2;0;2
adds;0;1;0;1
an ambitious;0;2;0;2
assassination;0;1;0;1
he watches;0;2;0;2
long you;0;1;0;1
also be the;0;2;0;2
deeply satisfying;0;1;0;1
derrida is;0;1;0;1
descends;0;1;0;1
familiar but;0;5;0;5
how much;0;1;0;1
in the time;0;2;0;2
middle america;0;1;0;1
politics and the;0;1;0;1
adds enough;0;2;0;2
adept;0;1;0;1
appear to;0;1;0;1
bartleby is;0;4;0;4
doesn generate lot;0;1;0;1
new yorkers;0;2;0;2
opera;0;1;0;1
it could have;0;1;0;1
it strange;0;5;0;5
it turns;0;2;0;2
it turns out;0;1;0;1
boy to;0;3;0;3
fused;0;2;0;2
confluence of;0;1;0;1
drags;0;1;0;1
film emerges;0;1;0;1
grandiosity that;0;3;0;3
joie de vivre;0;3;0;3
porridge;0;2;0;2
it better;0;6;0;6
and sweetly;0;1;0;1
and symbolic;0;1;0;1
cast is uniformly;0;1;0;1
hoot and;0;3;0;3
is to;0;3;0;3
monster movie;0;2;0;2
pencil;0;1;0;1
come;0;11;0;11
come along;0;7;0;7
come as;0;3;0;3
fit;0;3;0;3
is visually;0;1;0;1
most american;0;8;0;8
most ardent;0;7;0;7
chalk;0;1;0;1
chalk it;0;1;0;1
differences;0;2;0;2
elements of the;0;1;0;1
film about one;0;3;0;3
kids or;0;1;0;1
an artist;0;1;0;1
but director;0;1;0;1
lost in;0;2;0;2
any insights;0;1;0;1
as documentary;0;1;0;1
fans and;0;1;0;1
job of;0;2;0;2
long for;0;3;0;3
painted;0;2;0;2
all star;0;2;0;2
all that;0;2;0;2
and action;0;3;0;3
but it doesn;0;3;0;3
by some;0;5;0;5
charge;0;4;0;4
densely;0;2;0;2
deny;0;1;0;1
excesses of;0;5;0;5
have ever seen;0;1;0;1
have existed;0;1;0;1
impulsive;0;1;0;1
leaks out;0;2;0;2
music video;0;2;0;2
negotiate the;0;1;0;1
far as;0;1;0;1
its dry;0;1;0;1
its eccentric;0;1;0;1
just doesn;0;1;0;1
love to;0;3;0;3
new zealand;0;3;0;3
population;0;1;0;1
completely lacking in;0;3;0;3
even halfway;0;1;0;1
his camera;0;3;0;3
in any;0;5;0;5
plods along;0;3;0;3
appropriate;0;5;0;5
children movie;0;4;0;4
children of;0;2;0;2
ever done;0;3;0;3
for years to;0;2;0;2
much for;0;4;0;4
pack of;0;2;0;2
callar;0;3;0;3
destructive;0;1;0;1
enjoy this movie;0;3;0;3
bit;0;1;0;1
it did;0;1;0;1
message of;0;3;0;3
ate;0;1;0;1
basically the;0;1;0;1
best it;0;2;0;2
endlessly inventive;0;1;0;1
friel;0;1;0;1
goldmember is;0;2;0;2
aware of;0;3;0;3
benjamins;0;1;0;1
its dialogue;0;3;0;3
its director;0;3;0;3
morose;0;3;0;3
morph;0;2;0;2
300 years of;0;2;0;2
3000;0;2;0;2
badly acted;0;7;0;7
beautifully acted;0;3;0;3
directed and;0;2;0;2
its lack of;0;1;0;1
out in the;0;1;0;1
gel;0;5;0;5
gem;0;1;0;1
bad the;0;2;0;2
doo;0;1;0;1
doo and;0;1;0;1
filmmakers who;0;1;0;1
find compelling;0;1;0;1
for the kiddies;0;1;0;1
for the last;0;1;0;1
in past;0;1;0;1
into her;0;1;0;1
least one;0;1;0;1
own way;0;3;0;3
own work;0;2;0;2
own world;0;1;0;1
freeman;0;3;0;3
generosity;0;1;0;1
in this case;0;1;0;1
in this country;0;1;0;1
muddle;0;1;0;1
of run;0;1;0;1
is light;0;3;0;3
of such;0;2;0;2
and sophomoric;0;2;0;2
beauty of the;0;3;0;3
mayhem;0;2;0;2
don know;0;4;0;4
earn;0;1;0;1
controversy;0;1;0;1
controversy and;0;1;0;1
disappointed;0;1;0;1
disappointing;0;1;0;1
divertida;0;1;0;1
oscar caliber;0;1;0;1
our times;0;1;0;1
lingering;0;5;0;5
ll laugh;0;4;0;4
make his;0;1;0;1
make in;0;1;0;1
only this;0;2;0;2
only this time;0;1;0;1
plotting;0;1;0;1
predictable but;0;1;0;1
couldn;0;1;0;1
ethnic;0;1;0;1
of substance;0;1;0;1
intelligence and;0;1;0;1
john waters;0;1;0;1
of screen time;0;1;0;1
of the very;0;1;0;1
doldrums;0;1;0;1
however it;0;1;0;1
opportunity;0;1;0;1
perhaps more;0;1;0;1
peril;0;1;0;1
cannes film festival;0;2;0;2
focuses on;0;1;0;1
hope in the;0;3;0;3
it into;0;1;0;1
it introduces;0;1;0;1
it out;0;2;0;2
of disbelief;0;1;0;1
accurate to;0;6;0;6
ace;0;5;0;5
ache;0;5;0;5
as to;0;1;0;1
keep you;0;5;0;5
bette;0;4;0;4
french director has;0;1;0;1
make it look;0;7;0;7
and it not;0;1;0;1
into bizarre;0;1;0;1
into black;0;1;0;1
19th century;0;3;0;3
fails to;0;3;0;3
has long;0;1;0;1
is love;0;4;0;4
is lumbering;0;1;0;1
it has;0;1;0;1
mais um;0;1;0;1
eve;0;2;0;2
evelyn;0;2;0;2
fourth;0;1;0;1
makes the silly;0;1;0;1
menacing;0;3;0;3
of the roses;0;1;0;1
ponder;0;3;0;3
burr;0;3;0;3
mad;0;1;0;1
only way;0;1;0;1
or really;0;1;0;1
peppered with;0;1;0;1
from the start;0;1;0;1
around the;0;2;0;2
as tedious as;0;3;0;3
emotionally and;0;3;0;3
footage the;0;1;0;1
mistaking the;0;1;0;1
prince;0;1;0;1
of tension;0;3;0;3
an intriguing;0;1;0;1
my big;0;2;0;2
baggage;0;1;0;1
has done;0;1;0;1
lovely and amazing;0;3;0;3
lovely but;0;1;0;1
actuada;0;1;0;1
holly;0;2;0;2
and dim;0;3;0;3
cross between;0;2;0;2
escaped;0;1;0;1
film while it;0;2;0;2
of cliches;0;1;0;1
aids;0;2;0;2
film high;0;1;0;1
and stately;0;2;0;2
fluke;0;1;0;1
full of itself;0;1;0;1
ll get the;0;1;0;1
nettelbeck has;0;1;0;1
of the audience;0;2;0;2
be compelling;0;5;0;5
best way to;0;1;0;1
best when;0;1;0;1
expertly;0;2;0;2
being john;0;1;0;1
enough to watch;0;3;0;3
explosions;0;2;0;2
intelligent manner;0;1;0;1
intensity of;0;1;0;1
jolts;0;1;0;1
levy;0;1;0;1
one of them;0;3;0;3
behalf;0;1;0;1
cinematic;0;2;0;2
idea in;0;4;0;4
kissinger;0;1;0;1
like rejected;0;1;0;1
loose;0;1;0;1
of the papin;0;2;0;2
pile up;0;2;0;2
pileup;0;2;0;2
contrasting;0;2;0;2
endless;0;1;0;1
frank;0;1;0;1
made without;0;1;0;1
heavily from;0;1;0;1
but most of;0;1;0;1
dreams;0;2;0;2
empathy for;0;1;0;1
flatulence;0;2;0;2
have been better;0;1;0;1
of love story;0;1;0;1
preferred;0;1;0;1
don mind;0;2;0;2
have liked;0;3;0;3
jokes are;0;2;0;2
of the country;0;3;0;3
arthur;0;2;0;2
bond for;0;3;0;3
bond movie;0;1;0;1
hindered by;0;1;0;1
players;0;4;0;4
do for;0;2;0;2
its complexity;0;1;0;1
kong;0;1;0;1
little screen to;0;4;0;4
of my;0;1;0;1
only be;0;2;0;2
and unpleasant;0;1;0;1
havoc;0;3;0;3
hawaiian;0;2;0;2
just about;0;2;0;2
are little;0;2;0;2
director chris;0;4;0;4
hinge;0;4;0;4
implicit;0;1;0;1
indeed have;0;1;0;1
missing;0;2;0;2
acting by the;0;1;0;1
all involved;0;1;0;1
and send;0;2;0;2
and short on;0;1;0;1
characters it;0;2;0;2
minds of;0;2;0;2
minds of the;0;1;0;1
influenced;0;1;0;1
picture in;0;2;0;2
against the;0;1;0;1
black ii;0;3;0;3
dopey;0;1;0;1
edits;0;2;0;2
of female;0;2;0;2
and distinctive;0;5;0;5
apparent;0;2;0;2
be said;0;3;0;3
it seems to;0;1;0;1
lived;0;1;0;1
of the charm;0;7;0;7
one note;0;1;0;1
be forgiven;0;1;0;1
first half of;0;2;0;2
collective fear;0;3;0;3
get caught;0;5;0;5
is matter;0;1;0;1
conflict;0;2;0;2
conflict that;0;1;0;1
crafted;0;1;0;1
culture of fear;0;2;0;2
featuring some;0;2;0;2
injuries;0;2;0;2
is to say;0;2;0;2
nails;0;1;0;1
closet;0;1;0;1
closing;0;1;0;1
fatally;0;3;0;3
moretti;0;1;0;1
morgan;0;1;0;1
plan;0;1;0;1
about growing;0;2;0;2
and short;0;2;0;2
managing;0;4;0;4
managing to;0;2;0;2
maneuvers;0;2;0;2
of images;0;2;0;2
be described as;0;3;0;3
by trying;0;3;0;3
executed and;0;4;0;4
experience to;0;1;0;1
has played in;0;2;0;2
and thoroughly;0;2;0;2
and those;0;1;0;1
beings;0;1;0;1
feces;0;1;0;1
feeble;0;1;0;1
given to;0;2;0;2
nicole kidman;0;2;0;2
particularly the;0;2;0;2
detached;0;2;0;2
in self;0;1;0;1
my wife is;0;2;0;2
of ridiculous;0;2;0;2
have to be;0;1;0;1
its own head;0;2;0;2
naipaul;0;2;0;2
good time;0;9;0;9
happen;0;1;0;1
ingratiating;0;1;0;1
is like;0;2;0;2
of black;0;1;0;1
of bland;0;1;0;1
but certainly;0;4;0;4
but come;0;4;0;4
one to;0;2;0;2
but comes;0;1;0;1
for beginners;0;1;0;1
its over;0;1;0;1
moves;0;2;0;2
movie of the;0;2;0;2
oscar winners;0;4;0;4
buoyant;0;1;0;1
burger;0;2;0;2
heavy;0;1;0;1
is given;0;3;0;3
and politics;0;2;0;2
del;0;5;0;5
enlightening;0;2;0;2
in way;0;1;0;1
iran;0;1;0;1
other parts;0;3;0;3
plight and;0;1;0;1
poised to;0;2;0;2
bus;0;4;0;4
cake;0;1;0;1
cal;0;1;0;1
full price;0;2;0;2
full regalia;0;2;0;2
loads;0;2;0;2
of the whole;0;3;0;3
coke;0;2;0;2
focused on the;0;2;0;2
into what;0;3;0;3
laugh out loud;0;4;0;4
bettany is;0;2;0;2
glamour;0;1;0;1
idea is;0;1;0;1
of sensual;0;1;0;1
original version;0;1;0;1
both visually and;0;1;0;1
complicated to;0;2;0;2
consistently funny;0;2;0;2
is just too;0;1;0;1
is kaufman;0;1;0;1
of all ages;0;3;0;3
aspires;0;1;0;1
build;0;1;0;1
for two hours;0;1;0;1
an animatronic;0;1;0;1
best enjoyed;0;1;0;1
ennui;0;1;0;1
good laughs;0;2;0;2
melodrama;0;3;0;3
plot contrivances;0;3;0;3
plot contrivances are;0;1;0;1
and we re;0;1;0;1
answer to;0;1;0;1
demonstrating;0;1;0;1
feeds;0;2;0;2
find the;0;3;0;3
hypnotically dull;0;2;0;2
interview with the;0;2;0;2
larger;0;1;0;1
liberation;0;1;0;1
accents;0;5;0;5
are nowhere near;0;1;0;1
disaster;0;1;0;1
disaster of;0;1;0;1
feature length;0;1;0;1
high concept;0;1;0;1
into something;0;1;0;1
matters of;0;1;0;1
in hand;0;1;0;1
it also one;0;2;0;2
brink;0;3;0;3
but weirdly;0;3;0;3
of the performances;0;3;0;3
of the picture;0;3;0;3
of the piece;0;3;0;3
dearth of;0;1;0;1
kouyate;0;2;0;2
more compelling;0;1;0;1
more complex;0;1;0;1
counter;0;2;0;2
creates;0;2;0;2
not only because;0;2;0;2
been called;0;1;0;1
for the audience;0;4;0;4
gives the film;0;2;0;2
heartbreaking;0;2;0;2
no apparent;0;1;0;1
cheap thrills;0;1;0;1
clips;0;1;0;1
inc;0;5;0;5
interpretation of;0;6;0;6
about them;0;1;0;1
about this;0;1;0;1
digs;0;1;0;1
get no;0;4;0;4
indulgence;0;1;0;1
presence of;0;1;0;1
allowed to;0;1;0;1
an unflinching look;0;1;0;1
and the beast;0;2;0;2
big enough for;0;2;0;2
but it does;0;5;0;5
ending that;0;2;0;2
fred;0;2;0;2
he may;0;4;0;4
ignorant;0;1;0;1
of flatulence;0;2;0;2
park;0;1;0;1
conundrum;0;2;0;2
film that never;0;5;0;5
in the movie;0;1;0;1
jealousy and;0;2;0;2
mean spirited and;0;2;0;2
mostly the;0;2;0;2
much tongue;0;1;0;1
not exactly sure;0;2;0;2
plot moments;0;2;0;2
poignancy in;0;1;0;1
an unsatisfying;0;1;0;1
and sprightly;0;1;0;1
are telegraphed;0;1;0;1
can only;0;1;0;1
in execution;0;2;0;2
instance;0;1;0;1
of wood;0;2;0;2
of words;0;2;0;2
of work;0;1;0;1
photographer;0;1;0;1
costly;0;1;0;1
dared;0;1;0;1
dared to;0;1;0;1
dares;0;1;0;1
die and;0;1;0;1
are anything;0;3;0;3
bette davis;0;3;0;3
clumsy and;0;2;0;2
combining;0;1;0;1
jez;0;2;0;2
audiences into;0;2;0;2
france;0;1;0;1
good movie but;0;1;0;1
happiness;0;2;0;2
happiness is;0;2;0;2
big bad love;0;1;0;1
has been;0;2;0;2
an engaging and;0;1;0;1
budget but;0;10;0;10
gritty;0;3;0;3
off for;0;1;0;1
accomplished;0;3;0;3
affection for;0;1;0;1
appeal of the;0;1;0;1
big deal;0;5;0;5
brings to the;0;2;0;2
and self;0;1;0;1
baby;0;1;0;1
name of;0;1;0;1
down version;0;1;0;1
byler;0;1;0;1
movie has;0;1;0;1
ofrece;0;2;0;2
often;0;1;0;1
audience in the;0;1;0;1
drama of;0;2;0;2
own style;0;2;0;2
50 year;0;1;0;1
delectable;0;6;0;6
of these people;0;2;0;2
connoisseurs of;0;4;0;4
conquer;0;2;0;2
family of;0;1;0;1
film didn;0;2;0;2
it virtually;0;3;0;3
banal;0;2;0;2
fascinating look;0;2;0;2
absorbing;0;7;0;7
have to;0;1;0;1
at these;0;3;0;3
by people who;0;2;0;2
impenetrable;0;1;0;1
is impossible;0;6;0;6
is impossible to;0;6;0;6
kevin costner;0;2;0;2
meyjes;0;1;0;1
any;0;1;0;1
come away;0;1;0;1
its characters its;0;2;0;2
late to;0;1;0;1
like divine secrets;0;1;0;1
of dreams;0;1;0;1
can relate;0;2;0;2
canon;0;1;0;1
co written;0;10;0;10
co written by;0;10;0;10
enjoy on;0;1;0;1
gleaned;0;3;0;3
is getting;0;2;0;2
its stars;0;1;0;1
kwan;0;1;0;1
living in;0;1;0;1
most high concept;0;2;0;2
off kilter;0;2;0;2
bruising;0;3;0;3
enough;0;1;0;1
is smart and;0;1;0;1
it really;0;1;0;1
kissinger should;0;3;0;3
and game cast;0;3;0;3
as such;0;3;0;3
cost of the;0;3;0;3
glimmer of;0;4;0;4
hints;0;5;0;5
inspiring;0;1;0;1
of middle;0;1;0;1
care;0;1;0;1
case of the;0;3;0;3
case study;0;2;0;2
lavishly;0;5;0;5
may just;0;1;0;1
of particular;0;4;0;4
of passion;0;4;0;4
concentration;0;1;0;1
group of;0;2;0;2
of cinema;0;2;0;2
of the credit;0;2;0;2
and human;0;2;0;2
bawdy;0;2;0;2
brutally;0;2;0;2
of sequel;0;1;0;1
out all the;0;2;0;2
are likely to;0;1;0;1
clarity of;0;1;0;1
have at;0;2;0;2
have been lost;0;2;0;2
bacon;0;1;0;1
bad;0;1;0;1
comedy the film;0;3;0;3
horrors of the;0;1;0;1
fabulous;0;1;0;1
float;0;1;0;1
no surprise;0;3;0;3
clunky;0;4;0;4
co stars;0;2;0;2
ham fisted;0;2;0;2
intentions;0;1;0;1
make terrific;0;1;0;1
make the;0;1;0;1
messages of;0;1;0;1
out his;0;1;0;1
and it;0;2;0;2
all the queen;0;1;0;1
little weak;0;5;0;5
but be;0;2;0;2
but be warned;0;2;0;2
but because;0;1;0;1
by showing them;0;1;0;1
french drama;0;3;0;3
its protagonist;0;1;0;1
mark;0;2;0;2
no surprise that;0;1;0;1
original idea;0;2;0;2
all these years;0;1;0;1
in cheek;0;2;0;2
intentioned;0;1;0;1
is deadly;0;1;0;1
are intriguing and;0;3;0;3
doesn live;0;4;0;4
doesn live up;0;2;0;2
everyone should;0;4;0;4
important movie;0;6;0;6
lapaglia;0;3;0;3
missed opportunity;0;2;0;2
for the future;0;1;0;1
for the history;0;1;0;1
are only;0;2;0;2
lobby;0;2;0;2
hearts of;0;1;0;1
orange;0;1;0;1
overwrought and;0;1;0;1
owe;0;1;0;1
canadian;0;1;0;1
day and;0;3;0;3
energy level;0;1;0;1
independent;0;2;0;2
is an exercise;0;2;0;2
manages to be;0;1;0;1
of cheesy;0;3;0;3
portrait of the;0;2;0;2
autobiographical;0;1;0;1
clumsily;0;1;0;1
country bears should;0;6;0;6
idea but the;0;1;0;1
idea for;0;1;0;1
it races through;0;1;0;1
it raises;0;1;0;1
love hewitt;0;1;0;1
build up;0;1;0;1
by joel;0;1;0;1
by martin;0;1;0;1
by michael;0;1;0;1
feeling that;0;2;0;2
good about;0;6;0;6
his lack;0;8;0;8
in at;0;1;0;1
jump;0;1;0;1
laughter;0;1;0;1
list of;0;4;0;4
no it not;0;2;0;2
no laughs;0;2;0;2
passion or;0;1;0;1
pianist is;0;1;0;1
possible to;0;3;0;3
possible way;0;1;0;1
possibly;0;2;0;2
possibly come;0;1;0;1
as boring;0;2;0;2
branagh;0;4;0;4
crane;0;1;0;1
cranky;0;1;0;1
figure out;0;1;0;1
film is way;0;4;0;4
overview;0;2;0;2
is set in;0;3;0;3
lowbrow;0;5;0;5
classified;0;1;0;1
directed by joel;0;3;0;3
his penchant for;0;1;0;1
engrossing portrait of;0;3;0;3
long enough;0;3;0;3
niro and murphy;0;1;0;1
perverse;0;3;0;3
and strange;0;2;0;2
held my;0;1;0;1
its world;0;2;0;2
jazzy;0;2;0;2
mannered;0;2;0;2
mannerisms;0;2;0;2
natured;0;2;0;2
convictions;0;1;0;1
given us;0;2;0;2
exploits;0;1;0;1
comedy to;0;1;0;1
becomes just another;0;1;0;1
claim;0;3;0;3
imagination;0;1;0;1
its subjects;0;2;0;2
and that because;0;7;0;7
and the;0;4;0;4
done by;0;2;0;2
have easily;0;1;0;1
if you go;0;3;0;3
bicycle;0;1;0;1
for finding;0;1;0;1
for finding new;0;1;0;1
honest performances;0;1;0;1
meaning of;0;2;0;2
health;0;5;0;5
gran;0;1;0;1
pointed;0;1;0;1
brilliant as the;0;3;0;3
and played;0;1;0;1
as straight;0;2;0;2
as well have;0;2;0;2
down approach;0;1;0;1
film is that;0;1;0;1
for all;0;2;0;2
laughing with;0;1;0;1
michael;0;1;0;1
but also the;0;1;0;1
mary;0;2;0;2
mary and;0;2;0;2
and one of;0;2;0;2
it rather;0;1;0;1
nostalgic;0;5;0;5
or so;0;1;0;1
or some;0;1;0;1
jennifer lopez;0;1;0;1
make up for;0;3;0;3
objects;0;1;0;1
agency;0;1;0;1
freud;0;1;0;1
irwins;0;1;0;1
meow;0;2;0;2
of mixed;0;1;0;1
of paint;0;6;0;6
by all means;0;1;0;1
by amateurish;0;1;0;1
cannot;0;2;0;2
godfrey;0;7;0;7
godzilla;0;4;0;4
movie with too;0;4;0;4
movie without;0;4;0;4
at;0;2;0;2
for children and;0;1;0;1
middle of;0;2;0;2
no sense;0;2;0;2
being in;0;1;0;1
and actors;0;1;0;1
have here;0;1;0;1
left with the;0;1;0;1
leftover;0;1;0;1
comes closer to;0;2;0;2
can believe;0;1;0;1
fitfully amusing;0;1;0;1
dustin;0;3;0;3
dustin hoffman;0;1;0;1
flaw;0;1;0;1
from either;0;1;0;1
manufactured;0;1;0;1
never mind;0;1;0;1
pinochet;0;1;0;1
and easily;0;1;0;1
and easy;0;1;0;1
director walter;0;2;0;2
drowns;0;2;0;2
funny;0;1;0;1
funny and;0;1;0;1
is ghost;0;2;0;2
leisurely paced;0;1;0;1
lend;0;1;0;1
less for;0;1;0;1
look and;0;1;0;1
look and sound;0;1;0;1
misery;0;2;0;2
offers much to;0;1;0;1
offers no;0;1;0;1
one another;0;1;0;1
and some;0;3;0;3
in every;0;1;0;1
it as if;0;1;0;1
orchard is;0;1;0;1
and beautiful;0;1;0;1
es el;0;2;0;2
going for it;0;2;0;2
is real;0;3;0;3
perhaps;0;2;0;2
conflicts;0;1;0;1
director mark;0;2;0;2
director mehta;0;1;0;1
into my;0;1;0;1
performances are;0;2;0;2
always hilarious;0;3;0;3
finish;0;2;0;2
finish line;0;2;0;2
by on;0;2;0;2
excesses;0;1;0;1
noticeably;0;1;0;1
of admission;0;3;0;3
co;0;2;0;2
crimen del;0;5;0;5
and vulnerable;0;3;0;3
but flawed look;0;1;0;1
characters so much;0;2;0;2
effects;0;4;0;4
has its heart;0;1;0;1
man;0;1;0;1
of first;0;2;0;2
histrionics;0;2;0;2
esther;0;3;0;3
choose to;0;3;0;3
dying and;0;3;0;3
measure;0;3;0;3
off and;0;1;0;1
part of its;0;1;0;1
are of;0;1;0;1
by dana janklowicz;0;1;0;1
depressing than;0;1;0;1
flower;0;2;0;2
from other;0;2;0;2
of all the;0;3;0;3
of america;0;1;0;1
outer space;0;8;0;8
about how;0;1;0;1
isn so;0;1;0;1
luckiest;0;4;0;4
masterfully;0;1;0;1
as the old;0;4;0;4
despite the;0;1;0;1
fans who;0;2;0;2
focusing;0;1;0;1
for political;0;1;0;1
oriented;0;2;0;2
an uncomfortable;0;1;0;1
an undeniable;0;1;0;1
and probably;0;3;0;3
for sociology;0;10;0;10
for some;0;8;0;8
has more than;0;1;0;1
have gone straight;0;4;0;4
intelligence of;0;1;0;1
leaving the;0;1;0;1
listen to;0;3;0;3
prima donna;0;2;0;2
admit that;0;1;0;1
insultingly;0;1;0;1
out of your;0;1;0;1
achieved;0;2;0;2
achievement in;0;2;0;2
akin;0;1;0;1
butt;0;1;0;1
change in;0;2;0;2
engaged;0;2;0;2
engaged in;0;2;0;2
of embarrassment;0;3;0;3
as they;0;2;0;2
by their;0;3;0;3
doesn think;0;2;0;2
don quite;0;1;0;1
dullness;0;1;0;1
for plenty;0;2;0;2
one but;0;1;0;1
one but it;0;1;0;1
opinion;0;2;0;2
art and;0;1;0;1
graphic violence;0;1;0;1
as any of;0;1;0;1
balances;0;1;0;1
compassionate;0;1;0;1
enjoyable than;0;1;0;1
enjoyable thanks;0;1;0;1
hard to make;0;1;0;1
outing;0;5;0;5
parts;0;2;0;2
and hell;0;1;0;1
clare peploe;0;1;0;1
heist;0;4;0;4
it film;0;1;0;1
it film that;0;1;0;1
piano teacher is;0;1;0;1
pic;0;1;0;1
at their own;0;1;0;1
call this;0;2;0;2
dey;0;2;0;2
diverting;0;3;0;3
karmen;0;1;0;1
and subversive;0;1;0;1
automatically;0;1;0;1
characters from;0;1;0;1
heavily on;0;1;0;1
innuendo;0;1;0;1
pristine;0;1;0;1
an uplifting;0;3;0;3
doctor;0;1;0;1
isn afraid to;0;3;0;3
obscure;0;3;0;3
focus on;0;2;0;2
all odds;0;1;0;1
caught;0;2;0;2
feeling like;0;3;0;3
become;0;2;0;2
but what is;0;3;0;3
cathartic;0;1;0;1
parts and;0;2;0;2
be one of;0;1;0;1
direction and;0;3;0;3
equally;0;1;0;1
much more to;0;1;0;1
at sundance this;0;1;0;1
eric byler;0;1;0;1
his medium;0;3;0;3
lump of;0;9;0;9
nostalgia piece;0;3;0;3
it otherwise;0;1;0;1
of utter;0;2;0;2
plays;0;1;0;1
plays as;0;1;0;1
an examination;0;1;0;1
for an hour;0;3;0;3
it not an;0;2;0;2
knowledge;0;6;0;6
ferocity;0;2;0;2
ferrara;0;1;0;1
inherently funny;0;2;0;2
catherine;0;2;0;2
giddy and;0;1;0;1
is flawed;0;3;0;3
of lightness;0;1;0;1
always the;0;1;0;1
amusing but the;0;1;0;1
bits are;0;5;0;5
fails to make;0;2;0;2
genius;0;1;0;1
lost and;0;2;0;2
and hilarious;0;2;0;2
animal;0;3;0;3
pinocchio is;0;4;0;4
conceived;0;6;0;6
crypt;0;1;0;1
completely;0;1;0;1
constructed and;0;3;0;3
in depth;0;2;0;2
is even more;0;1;0;1
lump in;0;1;0;1
memorable the;0;1;0;1
off the ground;0;2;0;2
but not quite;0;3;0;3
fashioned in;0;2;0;2
green;0;2;0;2
in the genre;0;1;0;1
probably find;0;1;0;1
astounding;0;1;0;1
go with;0;2;0;2
honest working;0;1;0;1
leaves you with;0;2;0;2
and de;0;2;0;2
and twisted;0;1;0;1
department;0;3;0;3
action scenes;0;3;0;3
bryan;0;3;0;3
falling;0;1;0;1
falls flat as;0;1;0;1
interesting and;0;1;0;1
interesting as;0;1;0;1
interesting but;0;1;0;1
looks more;0;1;0;1
foundation;0;9;0;9
occupied;0;1;0;1
1915;0;2;0;2
elements which;0;3;0;3
it worthy;0;2;0;2
paradoxically;0;1;0;1
action the;0;5;0;5
hand;0;1;0;1
anne sophie;0;1;0;1
anyone who has;0;2;0;2
he ll;0;2;0;2
of heartfelt performances;0;2;0;2
been there;0;2;0;2
his film;0;1;0;1
full potential;0;3;0;3
actual;0;5;0;5
adorably;0;4;0;4
dot com is;0;3;0;3
dots;0;2;0;2
drain;0;2;0;2
hopkins;0;2;0;2
movie despite;0;2;0;2
as if you;0;2;0;2
but you ll;0;2;0;2
outside;0;1;0;1
bubbles;0;2;0;2
exactly but;0;3;0;3
in pretty;0;1;0;1
before but;0;3;0;3
before from;0;3;0;3
looks as;0;1;0;1
insistent;0;4;0;4
new jersey;0;5;0;5
fancy;0;4;0;4
has run;0;1;0;1
like but;0;3;0;3
off this;0;2;0;2
an event that;0;1;0;1
cliched and;0;3;0;3
connection;0;1;0;1
encounter with the;0;3;0;3
encounters;0;1;0;1
even if the;0;3;0;3
funny little;0;1;0;1
it was so;0;3;0;3
it was written;0;2;0;2
budget movie;0;2;0;2
admittedly;0;5;0;5
be interesting;0;2;0;2
christopher plummer as;0;1;0;1
chronicle;0;1;0;1
for the story;0;1;0;1
mediocre;0;1;0;1
now it;0;1;0;1
our hearts;0;2;0;2
like to;0;1;0;1
more closely;0;2;0;2
and put;0;3;0;3
charm and;0;1;0;1
charm of;0;1;0;1
close to;0;1;0;1
it so bad;0;2;0;2
moments and;0;2;0;2
mores;0;1;0;1
of wit;0;1;0;1
any other;0;2;0;2
chosen;0;1;0;1
dangerous and;0;2;0;2
helping;0;1;0;1
isle;0;4;0;4
of the year;0;1;0;1
at this;0;1;0;1
at this time;0;1;0;1
goals it;0;1;0;1
pete;0;2;0;2
peter;0;2;0;2
important and;0;1;0;1
it worth the;0;1;0;1
might enjoy;0;3;0;3
performances from his;0;2;0;2
pg 13 rating;0;2;0;2
an exercise in;0;1;0;1
beautiful to look;0;2;0;2
everything;0;1;0;1
is not bad;0;2;0;2
and cinematic;0;4;0;4
authenticity of the;0;1;0;1
knows how to;0;1;0;1
about the;0;3;0;3
of motown;0;1;0;1
attractive;0;1;0;1
believe in;0;4;0;4
gantz;0;1;0;1
nightmare;0;2;0;2
nightmarish;0;1;0;1
overcomes the;0;1;0;1
overcooked;0;1;0;1
overlong;0;2;0;2
bull;0;1;0;1
interludes;0;1;0;1
camera work and;0;1;0;1
embarrassing;0;1;0;1
people of;0;1;0;1
bad things;0;2;0;2
critique;0;1;0;1
detective story;0;2;0;2
funny not;0;3;0;3
might have;0;1;0;1
of asian;0;1;0;1
over the years;0;1;0;1
capture;0;1;0;1
banderas;0;1;0;1
cynicism;0;1;0;1
deal on madonna;0;1;0;1
get the full;0;2;0;2
mouse;0;1;0;1
movie version of;0;1;0;1
of cool;0;1;0;1
earns its;0;5;0;5
johnson;0;1;0;1
along at;0;1;0;1
an old fashioned;0;1;0;1
hit and;0;1;0;1
involved with;0;3;0;3
lazily;0;8;0;8
le;0;1;0;1
of hip;0;1;0;1
and irritating;0;1;0;1
and presents;0;1;0;1
characters he;0;3;0;3
gangster no;0;2;0;2
intricately;0;1;0;1
intrigue;0;1;0;1
martin is;0;1;0;1
pitched;0;1;0;1
it begins;0;3;0;3
it still quite;0;1;0;1
like me;0;4;0;4
and director peter;0;2;0;2
literary detective;0;2;0;2
me;0;1;0;1
of many;0;3;0;3
emotional impact;0;2;0;2
expense;0;2;0;2
expense of;0;2;0;2
impressed by;0;1;0;1
movie bogs;0;1;0;1
at the start;0;1;0;1
daring;0;2;0;2
editing and;0;1;0;1
inspired by;0;1;0;1
it good;0;2;0;2
it good enough;0;1;0;1
movie could;0;8;0;8
palestinian;0;2;0;2
bullets for director;0;4;0;4
children who;0;4;0;4
dig;0;3;0;3
heritage;0;1;0;1
of those movies;0;1;0;1
doesn bring;0;2;0;2
offbeat and;0;1;0;1
order;0;3;0;3
challenging;0;1;0;1
goods;0;2;0;2
is and it;0;1;0;1
credibility;0;1;0;1
disastrous;0;1;0;1
glued to the;0;1;0;1
hours of;0;1;0;1
like their;0;1;0;1
nearly three;0;1;0;1
debut as;0;3;0;3
its music;0;2;0;2
its one;0;1;0;1
beautifully photographed;0;1;0;1
between the;0;1;0;1
complex than;0;1;0;1
emotionally;0;1;0;1
overrun;0;1;0;1
places;0;4;0;4
and they;0;1;0;1
gem that;0;2;0;2
boisterous;0;3;0;3
direct to video;0;1;0;1
fiction and;0;1;0;1
from bad;0;1;0;1
from his cast;0;2;0;2
lifts the;0;1;0;1
light;0;1;0;1
of how;0;1;0;1
admit it;0;1;0;1
but winds up;0;1;0;1
inherent;0;1;0;1
juan jose campanella;0;2;0;2
and beautifully acted;0;3;0;3
kind that;0;1;0;1
lies in the;0;2;0;2
for the most;0;3;0;3
its welcome;0;2;0;2
nature of;0;2;0;2
freedom;0;1;0;1
is man;0;1;0;1
an amateurish;0;1;0;1
badly;0;1;0;1
but rather;0;1;0;1
controlled;0;5;0;5
forceful;0;1;0;1
forcefully;0;1;0;1
forcefulness;0;1;0;1
mostly martha is;0;2;0;2
platter;0;3;0;3
double;0;6;0;6
and adventure;0;5;0;5
animal house;0;1;0;1
but has;0;2;0;2
cherry orchard;0;1;0;1
enriched;0;6;0;6
enriched by;0;5;0;5
generic;0;5;0;5
genero;0;2;0;2
illness;0;1;0;1
insurance;0;1;0;1
of watching;0;1;0;1
pieces of the;0;1;0;1
by its lead;0;3;0;3
eight legged freaks;0;1;0;1
big screen;0;1;0;1
is funny not;0;1;0;1
minded;0;4;0;4
little else;0;1;0;1
pile of;0;2;0;2
distress;0;1;0;1
lisa;0;2;0;2
constructed;0;1;0;1
film it;0;1;0;1
long time;0;4;0;4
long time ago;0;3;0;3
of predictable;0;1;0;1
pellington;0;2;0;2
he does;0;2;0;2
its predictable;0;2;0;2
lan;0;4;0;4
of filmmaking but;0;1;0;1
film end;0;1;0;1
funny enough;0;1;0;1
humble;0;1;0;1
on certain;0;1;0;1
privileged;0;1;0;1
and consistent;0;2;0;2
and its impact;0;3;0;3
honesty and;0;4;0;4
isn especially;0;1;0;1
moronic;0;3;0;3
new age;0;1;0;1
of birthday;0;1;0;1
pants;0;1;0;1
only so much;0;1;0;1
about everything;0;1;0;1
chase;0;2;0;2
created;0;1;0;1
development;0;1;0;1
from others in;0;2;0;2
insecurity;0;1;0;1
lump;0;1;0;1
and heartfelt;0;1;0;1
chamber of;0;1;0;1
error;0;4;0;4
exude;0;2;0;2
exudes;0;1;0;1
littered with;0;1;0;1
charming but;0;2;0;2
duty;0;1;0;1
and goldie;0;3;0;3
brutal and;0;2;0;2
built on;0;2;0;2
characters by;0;2;0;2
in truth;0;2;0;2
it because it;0;3;0;3
humor;0;2;0;2
is refreshingly;0;1;0;1
older kids but;0;2;0;2
intriguing;0;1;0;1
made me;0;2;0;2
never as;0;2;0;2
exactly as;0;1;0;1
one in;0;3;0;3
are intriguing;0;2;0;2
compromise;0;1;0;1
eager;0;2;0;2
as cool;0;3;0;3
director hoffman;0;1;0;1
is exactly;0;1;0;1
its excellent;0;2;0;2
jay russell;0;6;0;6
ll ever;0;2;0;2
cliche in the;0;2;0;2
crackle;0;1;0;1
diverse;0;2;0;2
incongruous;0;1;0;1
lead;0;4;0;4
naked women;0;2;0;2
nalin;0;2;0;2
any more;0;3;0;3
follows the;0;2;0;2
jonathan;0;2;0;2
is nothing;0;2;0;2
liar;0;1;0;1
by the very;0;1;0;1
by the way;0;1;0;1
characteristically;0;1;0;1
devolves;0;1;0;1
devolves into;0;1;0;1
an independent;0;1;0;1
conceit;0;1;0;1
deep to;0;2;0;2
drops the ball;0;1;0;1
just fine;0;3;0;3
blend of;0;1;0;1
bold colors;0;3;0;3
cover up;0;3;0;3
documentary to be;0;4;0;4
is meant;0;1;0;1
become one;0;2;0;2
is appealing;0;1;0;1
awfulness of;0;2;0;2
but all;0;2;0;2
drama is;0;2;0;2
excess and;0;1;0;1
invigorating;0;1;0;1
offensive;0;2;0;2
pitfalls of such;0;1;0;1
pitiful;0;1;0;1
and wollter;0;4;0;4
every bit;0;1;0;1
every bit as;0;1;0;1
get in;0;2;0;2
good film but;0;1;0;1
as an;0;3;0;3
lines that;0;1;0;1
annoyingly;0;1;0;1
anomie;0;1;0;1
distance;0;1;0;1
distance but;0;1;0;1
inescapable;0;2;0;2
is somehow;0;1;0;1
bogged;0;2;0;2
kind of;0;2;0;2
most of us;0;2;0;2
deceptively;0;1;0;1
every time;0;4;0;4
ever becoming;0;3;0;3
as simple;0;2;0;2
as single;0;1;0;1
both children and;0;1;0;1
film might be;0;1;0;1
lily;0;2;0;2
and still be;0;1;0;1
donna;0;2;0;2
movie could have;0;1;0;1
mind of the;0;2;0;2
inability to;0;1;0;1
is darkly;0;2;0;2
byler reveals;0;2;0;2
cumulative;0;1;0;1
an easy;0;1;0;1
clearly evident;0;1;0;1
leave you feeling;0;6;0;6
bargain basement;0;2;0;2
beating the;0;1;0;1
beats;0;1;0;1
in manner that;0;1;0;1
oddity;0;1;0;1
may be more;0;1;0;1
john carpenter;0;2;0;2
from three;0;2;0;2
ground;0;2;0;2
groundbreaking;0;2;0;2
america most;0;1;0;1
appearance;0;3;0;3
can be made;0;3;0;3
nonjudgmental;0;3;0;3
nonsense;0;3;0;3
observed;0;2;0;2
observed and;0;1;0;1
and silliness;0;1;0;1
circus;0;1;0;1
disease of the;0;2;0;2
infuriating;0;1;0;1
on their;0;2;0;2
capable of;0;1;0;1
cartoon that;0;2;0;2
all great;0;1;0;1
at your;0;1;0;1
keeps the;0;5;0;5
of the movies;0;1;0;1
of the mundane;0;1;0;1
of the nerds;0;1;0;1
and lit;0;2;0;2
going through the;0;1;0;1
highlighted by;0;1;0;1
highlights;0;1;0;1
chips;0;1;0;1
experience of;0;1;0;1
keeps;0;2;0;2
of someone;0;1;0;1
plot in;0;5;0;5
and depth;0;2;0;2
is an odd;0;1;0;1
is an undeniably;0;1;0;1
musical numbers;0;1;0;1
no matter what;0;1;0;1
by offering;0;1;0;1
courage;0;3;0;3
courage of its;0;1;0;1
models and;0;2;0;2
awe inspiring;0;1;0;1
collinwood;0;3;0;3
for years;0;2;0;2
in years;0;2;0;2
it pretends to;0;1;0;1
low budget movie;0;2;0;2
in future;0;2;0;2
overcome;0;1;0;1
give solid;0;2;0;2
it an entertaining;0;2;0;2
particularly funny;0;2;0;2
because it is;0;1;0;1
hours;0;4;0;4
manages to do;0;5;0;5
faith and;0;2;0;2
long enough to;0;1;0;1
peter jackson and;0;2;0;2
pg;0;1;0;1
and some of;0;1;0;1
economical;0;1;0;1
filmed the;0;1;0;1
glimpse of;0;3;0;3
glitz;0;1;0;1
it not too;0;1;0;1
loss;0;3;0;3
makes up for;0;3;0;3
mcfarlane;0;2;0;2
mcgrath;0;1;0;1
paul thomas anderson;0;1;0;1
hour photo is;0;1;0;1
plod;0;1;0;1
as mr;0;1;0;1
finding new;0;1;0;1
hat;0;1;0;1
hate;0;1;0;1
hideously;0;1;0;1
hiding;0;1;0;1
ichi the;0;1;0;1
of traditional;0;1;0;1
fun no;0;1;0;1
its audience and;0;1;0;1
premise is;0;1;0;1
prima;0;2;0;2
it is very;0;1;0;1
it thumbs down;0;2;0;2
crackle of;0;1;0;1
gilliam;0;1;0;1
it an;0;1;0;1
its main;0;1;0;1
movie narrative;0;3;0;3
movie not;0;2;0;2
and it all;0;1;0;1
chateau;0;3;0;3
document of;0;2;0;2
exactly what you;0;1;0;1
hugely entertaining;0;1;0;1
luminous;0;1;0;1
maniac;0;1;0;1
fill the;0;1;0;1
only if;0;4;0;4
delicate balance of;0;4;0;4
and moments;0;3;0;3
as the latest;0;2;0;2
ball;0;4;0;4
about friendship love;0;2;0;2
bounces all over;0;2;0;2
bouncy;0;1;0;1
cinematic disaster;0;1;0;1
conjures;0;1;0;1
crimen del padre;0;3;0;3
jokes and;0;1;0;1
and meandering;0;1;0;1
go for;0;2;0;2
its relatively;0;1;0;1
its relentless;0;1;0;1
de palma;0;1;0;1
limitations;0;1;0;1
conjured up;0;5;0;5
in conflict;0;1;0;1
of the working;0;2;0;2
of the worst;0;1;0;1
point the way;0;2;0;2
lau;0;1;0;1
of great;0;1;0;1
or just;0;2;0;2
appeal to those;0;1;0;1
appealing;0;1;0;1
film director;0;1;0;1
is one of;0;2;0;2
as you;0;1;0;1
at the same;0;1;0;1
comparison;0;1;0;1
of hand;0;1;0;1
is haunting;0;2;0;2
black ii has;0;1;0;1
fires;0;1;0;1
first men in;0;3;0;3
made movie;0;2;0;2
of the lambs;0;1;0;1
applies;0;1;0;1
both as;0;1;0;1
both children;0;1;0;1
literary detective story;0;1;0;1
ll love;0;7;0;7
be looking;0;1;0;1
be looking at;0;1;0;1
incredibly;0;1;0;1
much like;0;1;0;1
but it at;0;1;0;1
almodovar;0;7;0;7
as funny as;0;2;0;2
is not movie;0;1;0;1
is not nearly;0;1;0;1
it the;0;3;0;3
it the best;0;1;0;1
guarantee;0;1;0;1
engrossing and;0;2;0;2
bag of;0;2;0;2
every moment;0;1;0;1
every sense;0;5;0;5
every single;0;2;0;2
movie is supposed;0;1;0;1
movie is that;0;1;0;1
is banal;0;1;0;1
its details but;0;1;0;1
nervous;0;3;0;3
on each;0;1;0;1
on each other;0;1;0;1
after you;0;1;0;1
of compelling;0;1;0;1
imagination and;0;1;0;1
overall impact;0;1;0;1
current;0;1;0;1
and wise;0;3;0;3
and wit;0;3;0;3
and with;0;3;0;3
cares;0;1;0;1
caretakers;0;1;0;1
cast of;0;4;0;4
cast of characters;0;3;0;3
cast that;0;3;0;3
kind of filmmaking;0;3;0;3
other hollywood;0;3;0;3
biased;0;2;0;2
of scene;0;1;0;1
competent;0;3;0;3
downright creepy;0;1;0;1
of imagination;0;1;0;1
hoary;0;2;0;2
is movie that;0;3;0;3
myers;0;2;0;2
and european;0;1;0;1
contrivances but;0;1;0;1
each of;0;2;0;2
each other;0;1;0;1
mostly;0;1;0;1
flourishes;0;2;0;2
flow;0;2;0;2
have hard;0;1;0;1
channel and;0;3;0;3
dead man;0;1;0;1
martha is;0;1;0;1
gets over its;0;2;0;2
has lot of;0;1;0;1
has lot to;0;1;0;1
lost;0;2;0;2
about following your;0;2;0;2
an especially;0;1;0;1
evans is;0;1;0;1
execution is;0;3;0;3
existential;0;1;0;1
is both;0;1;0;1
as an actor;0;1;0;1
done is;0;1;0;1
funny sometimes;0;1;0;1
flowers;0;2;0;2
has really;0;2;0;2
like something;0;1;0;1
notice the;0;1;0;1
noticeable;0;1;0;1
image of;0;1;0;1
of this and;0;2;0;2
ever have;0;1;0;1
filler;0;2;0;2
allowing us;0;4;0;4
celebrity;0;2;0;2
enemy to;0;7;0;7
evans;0;1;0;1
face and;0;1;0;1
foibles;0;3;0;3
nauseating;0;1;0;1
navel;0;1;0;1
centered on;0;3;0;3
description;0;3;0;3
description of;0;2;0;2
desert;0;2;0;2
of clever;0;1;0;1
an audience that;0;1;0;1
elements into;0;1;0;1
grant and;0;1;0;1
and also;0;1;0;1
contains few;0;3;0;3
contains no;0;2;0;2
laziness;0;3;0;3
most sincere;0;3;0;3
gamut from;0;1;0;1
hip hop culture;0;1;0;1
in 2002;0;1;0;1
mired;0;1;0;1
mystery that;0;1;0;1
nicky;0;1;0;1
allegory;0;1;0;1
community theater production;0;1;0;1
deeds;0;1;0;1
disappointing when;0;1;0;1
disappointingly;0;1;0;1
embrace;0;2;0;2
in the same;0;2;0;2
pop up;0;3;0;3
death in;0;1;0;1
co writers;0;1;0;1
her lips;0;1;0;1
its central;0;1;0;1
lose;0;1;0;1
maid in manhattan;0;1;0;1
merely;0;5;0;5
odd and;0;3;0;3
and boys;0;1;0;1
dreamed;0;1;0;1
even for;0;1;0;1
only for the;0;5;0;5
are often;0;2;0;2
cinema and;0;1;0;1
have one;0;1;0;1
insignificance;0;1;0;1
mechanics;0;1;0;1
christian;0;3;0;3
indictment of;0;1;0;1
or two;0;1;0;1
perfect for;0;1;0;1
bale;0;5;0;5
moderately;0;3;0;3
an impact;0;2;0;2
and make;0;1;0;1
at his best;0;3;0;3
dose;0;3;0;3
and saddled with;0;1;0;1
belly laughs;0;1;0;1
belo;0;1;0;1
for teens;0;3;0;3
he is not;0;2;0;2
hubert;0;2;0;2
in goldmember;0;2;0;2
mesmerize;0;2;0;2
of your time;0;1;0;1
offensive but;0;1;0;1
padding;0;2;0;2
and different;0;1;0;1
are all the;0;1;0;1
films are;0;3;0;3
high octane;0;2;0;2
high on;0;2;0;2
it shows;0;2;0;2
moore is;0;1;0;1
nostalgia;0;2;0;2
nicholas;0;2;0;2
or may not;0;1;0;1
collection;0;1;0;1
heads and;0;2;0;2
heroine who;0;2;0;2
know whether;0;1;0;1
of todd;0;1;0;1
passionately;0;1;0;1
it may be;0;1;0;1
layered;0;3;0;3
layers;0;2;0;2
all about the;0;2;0;2
and well acted;0;2;0;2
film often;0;1;0;1
is more fascinating;0;1;0;1
of talking;0;1;0;1
of tastelessness;0;1;0;1
challenges;0;2;0;2
good time at;0;8;0;8
into one;0;1;0;1
and parents;0;3;0;3
going to have;0;2;0;2
lukewarm;0;1;0;1
paranoid;0;2;0;2
giants;0;2;0;2
pace and lack;0;2;0;2
adaptation of the;0;1;0;1
and form;0;1;0;1
assuming;0;1;0;1
film biggest problem;0;1;0;1
for the next;0;1;0;1
for the original;0;1;0;1
for the rest;0;1;0;1
ham;0;1;0;1
heady;0;1;0;1
heal;0;1;0;1
it starts;0;1;0;1
interesting or;0;2;0;2
boldly;0;2;0;2
an engaging story;0;1;0;1
beautifully observed;0;1;0;1
blockbuster;0;1;0;1
experimental;0;1;0;1
experimentation;0;1;0;1
and frequently;0;1;0;1
biography;0;3;0;3
dresses;0;4;0;4
engrossing story;0;3;0;3
hyped;0;1;0;1
all;0;2;0;2
all about lily;0;1;0;1
as movies;0;1;0;1
complexity of;0;1;0;1
has few;0;1;0;1
has the right;0;1;0;1
importantly;0;1;0;1
like its;0;2;0;2
like its predecessor;0;1;0;1
like its title;0;1;0;1
may work as;0;1;0;1
mixture;0;1;0;1
narcissism;0;2;0;2
and bad;0;1;0;1
annie;0;1;0;1
ends the;0;1;0;1
juwanna;0;1;0;1
of despair;0;1;0;1
of the dialogue;0;2;0;2
compelling and;0;1;0;1
cross;0;1;0;1
for the family;0;1;0;1
as sexy;0;1;0;1
big dumb;0;1;0;1
cold fish;0;3;0;3
cold hearted;0;3;0;3
cold vacuum;0;2;0;2
inoffensive;0;1;0;1
it feels like;0;1;0;1
picnic;0;2;0;2
and its;0;2;0;2
definitely step in;0;1;0;1
no such;0;1;0;1
not least;0;1;0;1
fall;0;1;0;1
and wryly;0;2;0;2
as both;0;1;0;1
audience as;0;1;0;1
at hand;0;2;0;2
of the damned;0;2;0;2
end we are;0;2;0;2
movie tries to;0;1;0;1
100 minutes;0;2;0;2
color;0;1;0;1
in low key;0;1;0;1
in major;0;1;0;1
goes;0;2;0;2
gangster;0;6;0;6
brimming with;0;2;0;2
debated;0;2;0;2
giving it;0;2;0;2
and dark;0;1;0;1
companion;0;1;0;1
need for;0;2;0;2
arrest;0;3;0;3
artificial as;0;2;0;2
artificiality;0;1;0;1
film but the;0;2;0;2
film does;0;3;0;3
maggie gyllenhaal;0;1;0;1
and dad;0;1;0;1
involve;0;1;0;1
lying;0;1;0;1
an important;0;1;0;1
can be forgiven;0;1;0;1
addition to the;0;2;0;2
address;0;2;0;2
mentality;0;3;0;3
mentally;0;3;0;3
action sequence;0;1;0;1
but nevertheless;0;2;0;2
dass fierce grace;0;1;0;1
date;0;1;0;1
pair of;0;1;0;1
and moving;0;1;0;1
dumb action;0;1;0;1
fascinating as;0;1;0;1
overshadowed;0;1;0;1
grade;0;2;0;2
gripping as;0;2;0;2
magic of the;0;1;0;1
of love;0;1;0;1
addition to;0;1;0;1
demands;0;1;0;1
eat up;0;1;0;1
film succeeds;0;1;0;1
can no;0;1;0;1
american movie;0;1;0;1
border;0;6;0;6
could have been;0;1;0;1
paper with;0;1;0;1
an attention;0;1;0;1
appreciative;0;1;0;1
clearer;0;2;0;2
itself from;0;1;0;1
of war torn;0;1;0;1
coen brothers;0;2;0;2
embarrassed;0;1;0;1
from bygone;0;1;0;1
men with brooms;0;1;0;1
portrait of man;0;2;0;2
attraction;0;1;0;1
esther kahn;0;1;0;1
ethics;0;2;0;2
after all;0;1;0;1
after all these;0;1;0;1
and it isn;0;1;0;1
for all the;0;4;0;4
for those;0;1;0;1
from the opening;0;2;0;2
gentility;0;2;0;2
maybe even;0;1;0;1
all that interesting;0;1;0;1
charismatic;0;4;0;4
charitable;0;2;0;2
nolan;0;1;0;1
drew;0;2;0;2
ecks;0;2;0;2
has nothing going;0;1;0;1
pauly shore;0;1;0;1
andrew;0;1;0;1
can stop;0;1;0;1
can sustain;0;1;0;1
come along in;0;2;0;2
in series of;0;1;0;1
and pacing are;0;1;0;1
films to come;0;2;0;2
footage from;0;2;0;2
outlandish;0;1;0;1
expert;0;1;0;1
if you love;0;1;0;1
investigate;0;2;0;2
it not nearly;0;2;0;2
it not only;0;2;0;2
movie that works;0;2;0;2
movie that you;0;2;0;2
coaster ride;0;1;0;1
gets bogged;0;1;0;1
look at young;0;2;0;2
littered;0;3;0;3
being earnest;0;1;0;1
is whole;0;2;0;2
ll never;0;2;0;2
in history;0;3;0;3
michel;0;2;0;2
of getting;0;2;0;2
film from;0;2;0;2
impact;0;1;0;1
people wouldn;0;1;0;1
acting exercise;0;1;0;1
alfred;0;1;0;1
eddie murphy;0;1;0;1
far superior;0;1;0;1
how;0;1;0;1
inherent in;0;1;0;1
one joke;0;4;0;4
one liners;0;2;0;2
crushingly;0;3;0;3
cry;0;2;0;2
mention;0;2;0;2
die;0;3;0;3
is comedy;0;1;0;1
one feels;0;2;0;2
basically an;0;1;0;1
founders;0;1;0;1
have good;0;2;0;2
levels;0;1;0;1
gets under your;0;3;0;3
manner that;0;1;0;1
and engrossing;0;1;0;1
directions;0;2;0;2
only sporadically;0;1;0;1
philosophy;0;3;0;3
bluescreen;0;1;0;1
cage;0;1;0;1
costner;0;1;0;1
for me to;0;1;0;1
good movies the;0;2;0;2
great premise;0;1;0;1
great story;0;1;0;1
no classic;0;2;0;2
of jaglom;0;1;0;1
and wickedly;0;1;0;1
is beautiful;0;4;0;4
may sound like;0;3;0;3
ages;0;5;0;5
care about what;0;2;0;2
care for;0;1;0;1
long line;0;1;0;1
is straight;0;1;0;1
appear;0;1;0;1
cynical;0;1;0;1
he really;0;1;0;1
into film;0;1;0;1
es un buen;0;1;0;1
grown up;0;3;0;3
has solid;0;2;0;2
idiotic;0;1;0;1
but still;0;1;0;1
hawk down;0;1;0;1
anne rice;0;1;0;1
cute and;0;1;0;1
don really;0;2;0;2
into the proceedings;0;2;0;2
into the story;0;1;0;1
ladies;0;1;0;1
nothing more;0;1;0;1
but the story;0;1;0;1
good enough;0;3;0;3
its contrivances but;0;1;0;1
of young woman;0;1;0;1
full bodied;0;2;0;2
level of;0;1;0;1
bray;0;1;0;1
from those;0;2;0;2
like one long;0;3;0;3
dress;0;1;0;1
essence of;0;1;0;1
issues like;0;1;0;1
arnold schwarzenegger;0;2;0;2
buried;0;2;0;2
all audiences;0;1;0;1
bad luck;0;2;0;2
does so;0;2;0;2
favor of;0;1;0;1
guy who;0;1;0;1
political prisoners;0;2;0;2
political situation;0;2;0;2
preciously;0;3;0;3
and thoughtful;0;2;0;2
and through;0;2;0;2
awkward;0;1;0;1
and last;0;3;0;3
and laughs;0;3;0;3
cutting edge;0;1;0;1
any film;0;1;0;1
lampoon van wilder;0;1;0;1
definition of;0;2;0;2
first appear;0;2;0;2
has shown;0;1;0;1
is popcorn;0;1;0;1
is poster;0;1;0;1
mystery of;0;1;0;1
mystery science;0;1;0;1
aimlessness that;0;1;0;1
and the self;0;1;0;1
color palette;0;1;0;1
dark but;0;1;0;1
for its extraordinary;0;1;0;1
for its own;0;1;0;1
frontal is;0;2;0;2
many scenes;0;1;0;1
or as;0;1;0;1
oscar wilde;0;3;0;3
are just;0;1;0;1
mothers and;0;1;0;1
deserves to;0;1;0;1
frustrating to;0;2;0;2
life to;0;1;0;1
abuses of;0;2;0;2
celebrated;0;1;0;1
disbelief;0;3;0;3
disbelief and;0;2;0;2
hang out;0;1;0;1
daniel;0;2;0;2
it comedy;0;1;0;1
off each other;0;2;0;2
aimed;0;1;0;1
can be said;0;1;0;1
doesn have much;0;3;0;3
is this;0;1;0;1
make people;0;1;0;1
passionate;0;1;0;1
porno;0;1;0;1
backstage;0;2;0;2
gratuitous;0;1;0;1
probably stay;0;2;0;2
director mark romanek;0;1;0;1
hybrid;0;1;0;1
and of;0;1;0;1
enough for;0;1;0;1
lacking any;0;6;0;6
lacking in;0;2;0;2
and enduring;0;2;0;2
experience that;0;1;0;1
less on;0;2;0;2
less than the;0;1;0;1
and because;0;1;0;1
dialogue comedy;0;2;0;2
dialogue heavy;0;2;0;2
island of;0;3;0;3
lift the;0;1;0;1
greed;0;1;0;1
being trapped;0;1;0;1
caring about;0;1;0;1
carl;0;1;0;1
derailed;0;1;0;1
marks it;0;2;0;2
medicine;0;1;0;1
next is;0;1;0;1
often enough to;0;1;0;1
drops the;0;2;0;2
is any;0;1;0;1
action thriller;0;3;0;3
all american;0;3;0;3
all around;0;3;0;3
always make;0;1;0;1
as metaphor for;0;1;0;1
complications;0;1;0;1
jewish;0;3;0;3
don need;0;1;0;1
jason patric;0;1;0;1
navel gazing;0;1;0;1
and total;0;2;0;2
big bloody;0;1;0;1
equate;0;2;0;2
goldie;0;1;0;1
local;0;2;0;2
not sure which;0;2;0;2
of them;0;1;0;1
bank;0;2;0;2
bankrupt;0;2;0;2
by bad;0;1;0;1
member;0;3;0;3
audience hasn;0;1;0;1
falls apart;0;1;0;1
about growing up;0;3;0;3
absurdist;0;3;0;3
an american film;0;1;0;1
else;0;1;0;1
else about;0;1;0;1
its capacity;0;1;0;1
movie that gets;0;3;0;3
movie that has;0;3;0;3
he so;0;1;0;1
is failure;0;1;0;1
is faithful;0;1;0;1
neither as;0;1;0;1
ambitious movie;0;1;0;1
anyone;0;1;0;1
except;0;1;0;1
been there done;0;1;0;1
but it so;0;1;0;1
card;0;1;0;1
far more;0;1;0;1
funny and touching;0;1;0;1
into his;0;1;0;1
lively;0;1;0;1
actress;0;1;0;1
better if it;0;1;0;1
deliberate;0;2;0;2
far enough;0;1;0;1
intelligence or;0;3;0;3
of having;0;3;0;3
for happiness;0;1;0;1
conspiracies;0;2;0;2
dark satire;0;2;0;2
even better than;0;3;0;3
lite;0;1;0;1
etc;0;1;0;1
hanging;0;1;0;1
is long;0;2;0;2
and perhaps;0;1;0;1
fat;0;2;0;2
indiana;0;2;0;2
indiana jones;0;1;0;1
more often;0;1;0;1
byzantine;0;1;0;1
cable;0;1;0;1
cinema has;0;1;0;1
feels formulaic;0;1;0;1
markets;0;1;0;1
of enjoyable;0;1;0;1
as flat as;0;2;0;2
dad;0;2;0;2
it serves;0;1;0;1
of the highest;0;1;0;1
point of;0;1;0;1
apparently;0;1;0;1
be used;0;2;0;2
doesn do much;0;1;0;1
once in while;0;1;0;1
breath of fresh;0;1;0;1
disappear;0;1;0;1
dressed;0;1;0;1
erotic;0;1;0;1
great movie but;0;2;0;2
agony;0;1;0;1
agony of;0;1;0;1
but his;0;1;0;1
director kevin;0;1;0;1
into its world;0;1;0;1
it avoids;0;2;0;2
it avoids the;0;2;0;2
pat;0;2;0;2
at worst;0;2;0;2
depression;0;1;0;1
been allowed;0;2;0;2
it offers;0;3;0;3
its style;0;1;0;1
moment of;0;2;0;2
age tale;0;2;0;2
and fairly;0;1;0;1
and familial;0;1;0;1
because of that;0;1;0;1
his hong;0;1;0;1
just too;0;1;0;1
miscast;0;2;0;2
political;0;3;0;3
political correctness;0;1;0;1
david caesar;0;1;0;1
like nothing;0;2;0;2
but sometimes;0;2;0;2
and an;0;1;0;1
dick;0;2;0;2
documents;0;2;0;2
dramas;0;1;0;1
memorial to the;0;2;0;2
characters so;0;3;0;3
despite the fact;0;1;0;1
not more;0;1;0;1
cultivated;0;1;0;1
even all;0;1;0;1
is out of;0;1;0;1
have to choose;0;1;0;1
panache;0;1;0;1
cornball;0;3;0;3
few and;0;2;0;2
can only be;0;2;0;2
cope;0;1;0;1
environmental;0;2;0;2
in this film;0;1;0;1
but neither;0;2;0;2
is kind of;0;1;0;1
it pulls;0;1;0;1
it pushes;0;1;0;1
it succeeds;0;1;0;1
it succeeds in;0;1;0;1
plays better;0;1;0;1
plays like;0;1;0;1
in which;0;1;0;1
mix of;0;1;0;1
prints;0;1;0;1
and murphy;0;1;0;1
can really;0;2;0;2
dominated;0;1;0;1
effort;0;1;0;1
it deals with;0;1;0;1
made about;0;1;0;1
of talented;0;1;0;1
grit and;0;2;0;2
as exciting as;0;1;0;1
as expected;0;1;0;1
bad as;0;6;0;6
lapses;0;2;0;2
is gory;0;1;0;1
off the film;0;2;0;2
begins to;0;1;0;1
chances are you;0;1;0;1
interesting idea;0;1;0;1
cut and;0;1;0;1
fellowship;0;1;0;1
grandeur and scale;0;1;0;1
and dull;0;1;0;1
constructed around;0;1;0;1
gross out comedy;0;3;0;3
knack for;0;1;0;1
and spiritual;0;1;0;1
baran;0;1;0;1
like about;0;2;0;2
modern day;0;1;0;1
modern life;0;1;0;1
few of the;0;1;0;1
damn;0;1;0;1
george hickenlooper has;0;1;0;1
in what is;0;1;0;1
compared to the;0;1;0;1
like masterpiece;0;1;0;1
like my;0;1;0;1
mistake;0;3;0;3
on silver;0;1;0;1
one helluva;0;2;0;2
in an;0;1;0;1
of the writing;0;2;0;2
its past;0;3;0;3
of moviemaking;0;1;0;1
and adults;0;1;0;1
angel;0;1;0;1
clue;0;1;0;1
documentary about;0;1;0;1
gargantuan;0;1;0;1
be seen to;0;2;0;2
is wise;0;1;0;1
or four;0;1;0;1
broomfield has;0;1;0;1
broomfield is;0;1;0;1
is simply too;0;1;0;1
back into;0;1;0;1
line with;0;1;0;1
liners;0;1;0;1
direction is;0;1;0;1
girls can swim;0;1;0;1
800;0;1;0;1
daring inventive;0;1;0;1
elvira;0;1;0;1
entranced;0;1;0;1
entree;0;1;0;1
is very much;0;1;0;1
listless;0;1;0;1
lists;0;1;0;1
mind;0;1;0;1
mind all;0;1;0;1
action hero;0;3;0;3
glorified;0;1;0;1
glorious;0;1;0;1
action in;0;1;0;1
hasn lost;0;2;0;2
observation;0;1;0;1
barrymore;0;1;0;1
hallmark card;0;1;0;1
imagine the;0;1;0;1
pretensions and;0;1;0;1
awful but;0;3;0;3
big fat;0;2;0;2
improvised;0;1;0;1
itis;0;1;0;1
preceded;0;1;0;1
an enchanting;0;1;0;1
and just about;0;1;0;1
armed;0;1;0;1
comic and;0;1;0;1
concern with;0;1;0;1
concerned;0;1;0;1
forcing;0;1;0;1
ford;0;1;0;1
inhabit;0;2;0;2
as thought provoking;0;1;0;1
bone;0;1;0;1
bones;0;2;0;2
of the season;0;1;0;1
marshall intense freight;0;1;0;1
of small town;0;2;0;2
color music and;0;2;0;2
action and;0;5;0;5
an engrossing story;0;1;0;1
drawn in;0;1;0;1
exploitative;0;1;0;1
intended to;0;2;0;2
murder by numbers;0;1;0;1
almost as much;0;1;0;1
an appalling;0;1;0;1
can practically;0;1;0;1
hug;0;1;0;1
its title character;0;1;0;1
nice little;0;1;0;1
nice to;0;1;0;1
one trick;0;1;0;1
one trick pony;0;1;0;1
bubbly;0;1;0;1
have fun;0;1;0;1
have given;0;1;0;1
his way to;0;1;0;1
lets up;0;2;0;2
cinema but it;0;1;0;1
dramatized;0;4;0;4
establishes;0;1;0;1
kills;0;4;0;4
coen;0;2;0;2
excruciatingly;0;1;0;1
imagine this;0;1;0;1
embraces;0;1;0;1
extravaganza that;0;1;0;1
ghosts of mars;0;1;0;1
of screen;0;2;0;2
bad as you;0;1;0;1
be forgiven for;0;2;0;2
blab;0;1;0;1
it with;0;4;0;4
literature;0;1;0;1
maguire is;0;1;0;1
force of;0;2;0;2
goes long;0;2;0;2
do little;0;1;0;1
good time for;0;4;0;4
human and;0;2;0;2
keeping the;0;1;0;1
dependence;0;3;0;3
fantasy of;0;1;0;1
mehta;0;1;0;1
points but;0;1;0;1
disreputable;0;2;0;2
disservice;0;2;0;2
history and;0;1;0;1
grain;0;1;0;1
grainy;0;1;0;1
nothing;0;1;0;1
of things;0;1;0;1
of this;0;1;0;1
enters;0;1;0;1
in full regalia;0;1;0;1
involvement and;0;4;0;4
more of an;0;1;0;1
are your cup;0;1;0;1
pages;0;3;0;3
of cinematic;0;1;0;1
and sustains;0;1;0;1
appreciation of it;0;1;0;1
based on true;0;1;0;1
characterization;0;2;0;2
in pauline;0;1;0;1
paris;0;1;0;1
brash;0;2;0;2
dead end;0;2;0;2
groupies;0;2;0;2
merchant;0;1;0;1
of thousands;0;1;0;1
interest and;0;2;0;2
originality it;0;2;0;2
beginning to;0;1;0;1
burkina;0;3;0;3
horror flick;0;1;0;1
age story;0;1;0;1
all about;0;1;0;1
different from;0;4;0;4
exhausted;0;1;0;1
feathers;0;1;0;1
is well;0;2;0;2
less interesting;0;1;0;1
less like;0;1;0;1
less movie;0;1;0;1
mediocrity;0;1;0;1
emotion;0;1;0;1
barrels;0;2;0;2
of russian history;0;1;0;1
following;0;1;0;1
following the;0;1;0;1
all over;0;1;0;1
if you liked;0;1;0;1
indulge the;0;1;0;1
and exploitative;0;1;0;1
are given;0;1;0;1
be thinking;0;1;0;1
coda;0;1;0;1
is not quite;0;2;0;2
of roger;0;3;0;3
people who like;0;2;0;2
attempt to;0;1;0;1
counts;0;1;0;1
film and;0;1;0;1
film and it;0;1;0;1
little new;0;2;0;2
of political;0;2;0;2
above average;0;1;0;1
followed;0;2;0;2
of its ideas;0;2;0;2
carries;0;1;0;1
concentrates;0;2;0;2
melt;0;1;0;1
on to;0;1;0;1
an above average;0;1;0;1
and unnecessary;0;1;0;1
but gripping;0;5;0;5
but had;0;2;0;2
everything you;0;1;0;1
don ask;0;1;0;1
is only so;0;2;0;2
marquis de;0;1;0;1
case;0;2;0;2
director john mckay;0;1;0;1
love the;0;1;0;1
ash;0;1;0;1
but there isn;0;1;0;1
contemporary society;0;1;0;1
going;0;2;0;2
is flat;0;1;0;1
one that want;0;1;0;1
be swept;0;1;0;1
founders on;0;1;0;1
hour tv;0;1;0;1
all the film;0;1;0;1
an engrossing;0;1;0;1
can shake the;0;1;0;1
is as bad;0;1;0;1
and for that;0;1;0;1
couple of times;0;3;0;3
either of;0;1;0;1
neil burger;0;2;0;2
of making;0;1;0;1
of urban;0;2;0;2
one reason;0;1;0;1
kuras;0;1;0;1
nerve;0;1;0;1
behalf of;0;2;0;2
help from;0;1;0;1
consistently;0;1;0;1
most part it;0;1;0;1
cautionary tale of;0;1;0;1
grandiosity;0;1;0;1
make movies;0;1;0;1
into the;0;1;0;1
from under you;0;5;0;5
melancholy;0;2;0;2
melds;0;1;0;1
laramie;0;1;0;1
brand;0;1;0;1
brand new;0;1;0;1
depicts;0;1;0;1
especially if you;0;1;0;1
especially the;0;1;0;1
faces are;0;1;0;1
good ol;0;1;0;1
grant;0;2;0;2
of naivete;0;1;0;1
of race;0;2;0;2
both adults;0;1;0;1
and isn;0;1;0;1
confident enough to;0;2;0;2
on about;0;1;0;1
at sundance;0;1;0;1
most incoherent;0;1;0;1
nonthreatening;0;1;0;1
partner;0;1;0;1
affectionately;0;1;0;1
after you leave;0;1;0;1
altogether;0;2;0;2
pipe dream;0;1;0;1
piquant;0;1;0;1
portrait of an;0;1;0;1
and the dialogue;0;2;0;2
anyone not;0;2;0;2
convincing and;0;1;0;1
his earlier;0;1;0;1
post feminist;0;2;0;2
letdown;0;1;0;1
of emotional;0;1;0;1
lot smarter;0;1;0;1
lot to;0;1;0;1
on it;0;4;0;4
insights into;0;1;0;1
it hits;0;2;0;2
presents;0;2;0;2
laughs at;0;1;0;1
gaping;0;3;0;3
east;0;2;0;2
can hide the;0;1;0;1
can imagine;0;1;0;1
good fun;0;1;0;1
it something;0;1;0;1
mama;0;1;0;1
probe into;0;1;0;1
an event;0;1;0;1
bound;0;1;0;1
equal amounts of;0;1;0;1
footnote;0;1;0;1
glimpses of;0;2;0;2
here it is;0;1;0;1
it done;0;1;0;1
movie which;0;1;0;1
movie will;0;1;0;1
and whimsy;0;2;0;2
and white;0;1;0;1
derivative horror;0;2;0;2
ii is;0;2;0;2
and the delicate;0;2;0;2
california;0;1;0;1
is little more;0;2;0;2
flashbacks;0;1;0;1
crisis;0;1;0;1
fill;0;1;0;1
film about two;0;1;0;1
for the;0;1;0;1
gives;0;2;0;2
gives an;0;2;0;2
one of his;0;1;0;1
part of the;0;1;0;1
carvey;0;1;0;1
not smart;0;2;0;2
creepiest;0;2;0;2
dare say;0;1;0;1
de;0;1;0;1
hill in;0;1;0;1
hills have;0;1;0;1
crammed with;0;2;0;2
greek wedding;0;2;0;2
footed;0;1;0;1
its maker;0;2;0;2
many things;0;1;0;1
one big;0;2;0;2
goals;0;1;0;1
cinematography;0;1;0;1
don even;0;1;0;1
is certain;0;1;0;1
midst;0;1;0;1
of the middle;0;2;0;2
actually pretty;0;1;0;1
been in;0;1;0;1
his secret life;0;1;0;1
chalk it up;0;3;0;3
corruption;0;2;0;2
dull lifeless;0;1;0;1
nerves;0;1;0;1
offers an interesting;0;2;0;2
just too bad;0;1;0;1
just want;0;1;0;1
laden;0;1;0;1
make you feel;0;1;0;1
make you laugh;0;1;0;1
mildly;0;1;0;1
oscar nominated documentary;0;1;0;1
oscar nomination;0;1;0;1
person to;0;1;0;1
pleasantly;0;1;0;1
pretends to be;0;1;0;1
magical;0;3;0;3
details but;0;1;0;1
details of;0;1;0;1
hart;0;1;0;1
movies the;0;1;0;1
of action;0;1;0;1
human condition;0;1;0;1
beauty of;0;2;0;2
characters are paper;0;4;0;4
may;0;1;0;1
cultural differences;0;2;0;2
exactly sure what;0;1;0;1
favour;0;1;0;1
in korea;0;1;0;1
isn always;0;1;0;1
obscured;0;1;0;1
benefit;0;1;0;1
into the lives;0;1;0;1
an emotionally;0;1;0;1
director peter;0;1;0;1
austin powers;0;2;0;2
endurance test;0;1;0;1
how many;0;1;0;1
intended;0;1;0;1
it remains;0;1;0;1
koury;0;2;0;2
loses its;0;2;0;2
losing;0;1;0;1
and would;0;1;0;1
casting;0;1;0;1
its subtle;0;1;0;1
instantly forgettable;0;2;0;2
just might;0;1;0;1
one thing for;0;2;0;2
contributed to;0;1;0;1
lulling;0;1;0;1
pretty much the;0;2;0;2
be impossible;0;1;0;1
crash;0;1;0;1
go;0;1;0;1
greek wedding is;0;3;0;3
john carpenter ghosts;0;1;0;1
blown;0;1;0;1
derives;0;1;0;1
bush;0;2;0;2
emotional and;0;1;0;1
endeavor that;0;3;0;3
inventiveness;0;2;0;2
light of;0;1;0;1
lock stock;0;1;0;1
lock stock and;0;1;0;1
near;0;1;0;1
of gentle;0;1;0;1
and well;0;1;0;1
ever made;0;1;0;1
is small;0;1;0;1
li;0;1;0;1
deflated;0;1;0;1
have long way;0;1;0;1
pet;0;1;0;1
even in;0;2;0;2
franchise;0;1;0;1
by an angel;0;1;0;1
and while;0;1;0;1
heartstrings;0;2;0;2
heartwarming;0;1;0;1
everyone;0;1;0;1
illuminates;0;2;0;2
arc of;0;1;0;1
frighten;0;1;0;1
is nearly impossible;0;1;0;1
or just plain;0;3;0;3
princess;0;3;0;3
knack;0;2;0;2
lack of empathy;0;2;0;2
likely;0;2;0;2
confidence;0;2;0;2
first timer;0;1;0;1
fix;0;1;0;1
movie movie;0;1;0;1
movie my;0;1;0;1
is far from;0;2;0;2
is how;0;4;0;4
is if;0;2;0;2
my big fat;0;2;0;2
my lips;0;2;0;2
my lips is;0;1;0;1
oscar worthy;0;1;0;1
all you can;0;1;0;1
all you have;0;1;0;1
easily one of;0;1;0;1
myself;0;1;0;1
on here;0;1;0;1
as does;0;1;0;1
like you re;0;1;0;1
doc;0;1;0;1
is far;0;1;0;1
and wholly;0;1;0;1
disappointment;0;1;0;1
bargain;0;2;0;2
is hampered by;0;1;0;1
no amount;0;1;0;1
nowhere;0;1;0;1
nowhere near;0;1;0;1
performances in;0;1;0;1
performances it;0;1;0;1
abandon all;0;1;0;1
beauty and;0;1;0;1
beauty and the;0;1;0;1
best picture;0;2;0;2
classic but;0;2;0;2
easy to be;0;3;0;3
easy to watch;0;3;0;3
edward burns;0;1;0;1
flair;0;2;0;2
flicks is;0;1;0;1
for no;0;3;0;3
offers all;0;1;0;1
out gags;0;1;0;1
ploddingly;0;2;0;2
abrupt;0;1;0;1
care about;0;1;0;1
is nevertheless;0;2;0;2
kid stays in;0;1;0;1
more in;0;1;0;1
bleakly;0;1;0;1
lead performance;0;3;0;3
93;0;1;0;1
come up;0;1;0;1
low for;0;1;0;1
earnest and;0;1;0;1
adapted;0;1;0;1
and lifeless;0;1;0;1
body will;0;1;0;1
coaster ride of;0;1;0;1
deserve;0;1;0;1
dying;0;1;0;1
every day;0;1;0;1
affair;0;1;0;1
it gets;0;2;0;2
no is;0;1;0;1
overwritten;0;1;0;1
place to;0;1;0;1
composition;0;1;0;1
male;0;2;0;2
genuinely;0;1;0;1
is enough;0;1;0;1
bike;0;1;0;1
executives;0;1;0;1
hope in;0;1;0;1
inventive and;0;1;0;1
audiences to;0;1;0;1
of anyone who;0;1;0;1
are we;0;1;0;1
companion to;0;1;0;1
company;0;1;0;1
competent and;0;1;0;1
directions and;0;1;0;1
directly;0;1;0;1
film not;0;1;0;1
frantic;0;1;0;1
hawke;0;1;0;1
hawn;0;1;0;1
in exploring;0;2;0;2
out of ideas;0;4;0;4
pacing is;0;1;0;1
cause of;0;3;0;3
could only;0;2;0;2
dependent;0;1;0;1
of bullets;0;2;0;2
of business;0;2;0;2
ll probably;0;1;0;1
offensive and;0;1;0;1
pass;0;1;0;1
pass for;0;1;0;1
amused by;0;1;0;1
appeared in;0;1;0;1
and warmth;0;2;0;2
credit for;0;1;0;1
has you;0;1;0;1
juliette;0;1;0;1
convoluted;0;1;0;1
but the film;0;1;0;1
it better than;0;1;0;1
ben;0;1;0;1
corporate;0;4;0;4
as ill;0;1;0;1
and exhilarating;0;1;0;1
meat on;0;1;0;1
pleasingly;0;1;0;1
and sense of;0;1;0;1
of the storytelling;0;1;0;1
adventure and;0;1;0;1
and women;0;1;0;1
in world;0;1;0;1
driven by;0;1;0;1
goofball;0;2;0;2
margarita happy;0;1;0;1
fessenden;0;2;0;2
fingers;0;1;0;1
fragile;0;1;0;1
as we;0;1;0;1
been better;0;1;0;1
of tenderness;0;1;0;1
interested in;0;1;0;1
lessons and;0;1;0;1
melodrama but;0;1;0;1
murder mystery;0;1;0;1
murder of;0;1;0;1
attempt is;0;1;0;1
its parts;0;2;0;2
one of kind;0;1;0;1
an;0;1;0;1
but thoroughly;0;3;0;3
former;0;1;0;1
and film;0;1;0;1
but why;0;1;0;1
channel but;0;1;0;1
cinema paradiso;0;1;0;1
deserves;0;1;0;1
boils down to;0;2;0;2
change;0;1;0;1
la cinta;0;1;0;1
la pena;0;1;0;1
la salle;0;1;0;1
legendary;0;1;0;1
equal;0;1;0;1
hugely;0;1;0;1
consider this;0;1;0;1
most of all;0;1;0;1
magnolia;0;1;0;1
aficionados will;0;1;0;1
an artist of;0;1;0;1
everlasting is;0;2;0;2
film feels like;0;1;0;1
film festival;0;1;0;1
is something;0;2;0;2
is somewhat;0;2;0;2
much fun as;0;3;0;3
be hard pressed;0;1;0;1
outside of;0;1;0;1
amid;0;1;0;1
bow;0;1;0;1
offer much;0;1;0;1
itself in;0;1;0;1
makers;0;2;0;2
film at;0;2;0;2
intermittent;0;1;0;1
and both;0;1;0;1
it winds;0;1;0;1
guide;0;3;0;3
guilt;0;1;0;1
boss;0;2;0;2
kids about the;0;2;0;2
kids and;0;2;0;2
manages to;0;1;0;1
of recent;0;1;0;1
photography;0;2;0;2
awesome;0;1;0;1
jacquot;0;2;0;2
concept is;0;1;0;1
oliver parker;0;1;0;1
and dare say;0;1;0;1
excels;0;1;0;1
in and;0;1;0;1
championship;0;1;0;1
fish;0;2;0;2
is undercut by;0;1;0;1
in unfaithful;0;1;0;1
never too late;0;2;0;2
obviousness;0;1;0;1
been allowed to;0;1;0;1
called the;0;2;0;2
did it;0;1;0;1
have not;0;1;0;1
individuality;0;1;0;1
lesser;0;1;0;1
outshine;0;2;0;2
overblown and;0;1;0;1
phantom;0;1;0;1
content;0;2;0;2
fans or;0;1;0;1
even in this;0;1;0;1
film that has;0;1;0;1
out of it;0;2;0;2
has always been;0;1;0;1
competition;0;1;0;1
damned for;0;1;0;1
makes absolutely;0;1;0;1
mountain;0;1;0;1
energetic;0;2;0;2
generations;0;2;0;2
of time;0;3;0;3
banter;0;1;0;1
director that;0;1;0;1
goes on for;0;1;0;1
have no;0;1;0;1
head and;0;1;0;1
passion and;0;1;0;1
highways;0;1;0;1
bad it good;0;1;0;1
fathers;0;1;0;1
here to;0;1;0;1
nothing going;0;1;0;1
nothing more than;0;1;0;1
people in;0;1;0;1
probes;0;1;0;1
account;0;1;0;1
possible that;0;2;0;2
cowering;0;1;0;1
cliche;0;1;0;1
director dover;0;1;0;1
found myself;0;1;0;1
change while;0;1;0;1
if they;0;1;0;1
disdain for;0;1;0;1
disease;0;1;0;1
feisty;0;1;0;1
fellow;0;1;0;1
highlight;0;3;0;3
load;0;1;0;1
missed;0;1;0;1
but like most;0;2;0;2
new star;0;1;0;1
of their seats;0;1;0;1
and then it;0;1;0;1
it trying;0;1;0;1
it trying to;0;1;0;1
overall the film;0;1;0;1
diversity;0;1;0;1
never seen;0;1;0;1
no nonsense;0;1;0;1
generate lot of;0;1;0;1
in distress;0;1;0;1
any kind of;0;1;0;1
as there;0;2;0;2
cast comes;0;1;0;1
comes off like;0;1;0;1
have an;0;1;0;1
high school students;0;1;0;1
idealistic;0;1;0;1
albeit;0;3;0;3
fully aware;0;2;0;2
movie winds;0;1;0;1
better to;0;1;0;1
comedy of manners;0;2;0;2
artificial;0;1;0;1
creeps;0;1;0;1
never quite;0;1;0;1
david;0;1;0;1
its sense of;0;2;0;2
its sensitive;0;2;0;2
begin with;0;2;0;2
centered;0;1;0;1
get to;0;1;0;1
it not just;0;2;0;2
off the hook;0;1;0;1
over again;0;2;0;2
better than its;0;1;0;1
pleasant if;0;1;0;1
harris;0;1;0;1
harris is;0;1;0;1
it not so;0;2;0;2
narrative and;0;1;0;1
narrative but;0;1;0;1
no point;0;1;0;1
are interesting and;0;1;0;1
beer;0;2;0;2
characters and the;0;2;0;2
fizz;0;1;0;1
how things will;0;1;0;1
more than an;0;2;0;2
expect and;0;2;0;2
including the;0;1;0;1
inextricably;0;4;0;4
is the stuff;0;2;0;2
nail;0;2;0;2
an easy film;0;1;0;1
by philip;0;1;0;1
laughs to;0;1;0;1
of fresh air;0;1;0;1
probably won;0;1;0;1
but this one;0;1;0;1
cliche of;0;1;0;1
in the life;0;1;0;1
in the long;0;1;0;1
is movie;0;1;0;1
of tom;0;1;0;1
but most;0;1;0;1
it started;0;1;0;1
of my cat;0;1;0;1
off their;0;1;0;1
crime story;0;1;0;1
have and;0;2;0;2
language the;0;1;0;1
all year;0;2;0;2
by the book;0;2;0;2
cast is so;0;1;0;1
enormously;0;1;0;1
it is also;0;1;0;1
material from;0;1;0;1
at modern;0;1;0;1
leaves;0;1;0;1
for older kids;0;1;0;1
no sense of;0;1;0;1
an uneven;0;1;0;1
as work of;0;1;0;1
does well;0;1;0;1
keep the story;0;1;0;1
preceded it;0;2;0;2
evolved;0;1;0;1
of cute;0;1;0;1
of dazzling;0;1;0;1
bringing;0;1;0;1
graduated from;0;1;0;1
joe;0;1;0;1
joel;0;1;0;1
apollo 13;0;3;0;3
as director;0;1;0;1
in places;0;1;0;1
boils down;0;1;0;1
contribution;0;1;0;1
moore;0;1;0;1
before long;0;1;0;1
birds;0;4;0;4
can count;0;1;0;1
force;0;1;0;1
interview with;0;1;0;1
of fame;0;1;0;1
paid in full;0;1;0;1
paid to;0;1;0;1
at life;0;1;0;1
his hong kong;0;1;0;1
blair;0;1;0;1
even as;0;1;0;1
import;0;3;0;3
mindless action;0;1;0;1
no brainer;0;1;0;1
co writer director;0;1;0;1
of all things;0;1;0;1
and events;0;1;0;1
back and;0;2;0;2
enjoy in;0;1;0;1
forgivable;0;3;0;3
bennett;0;1;0;1
it so devoid;0;1;0;1
layers of;0;1;0;1
of affection;0;1;0;1
on in;0;1;0;1
performances and;0;1;0;1
and lacking any;0;1;0;1
foreign film;0;1;0;1
content to;0;1;0;1
25;0;2;0;2
graveyard;0;1;0;1
even with all;0;1;0;1
is all but;0;1;0;1
film is darkly;0;1;0;1
of charm;0;1;0;1
movement and;0;1;0;1
audience as well;0;1;0;1
david mamet;0;1;0;1
never;0;2;0;2
in earnest;0;1;0;1
mars;0;1;0;1
bothered to;0;1;0;1
depending upon;0;1;0;1
accident;0;2;0;2
any of;0;2;0;2
are able to;0;2;0;2
entirely;0;2;0;2
of emotion;0;1;0;1
couple;0;2;0;2
in its quest;0;1;0;1
life that;0;2;0;2
or miss;0;2;0;2
glory days;0;1;0;1
howler;0;1;0;1
low on;0;1;0;1
narc is;0;3;0;3
out of their;0;1;0;1
and worst;0;1;0;1
don see;0;1;0;1
principal;0;1;0;1
accurate depiction of;0;1;0;1
and mind;0;1;0;1
babysitter;0;1;0;1
portrayals;0;1;0;1
allows us to;0;1;0;1
and heroine;0;1;0;1
end is;0;1;0;1
it neither;0;1;0;1
is left with;0;2;0;2
is reasonably;0;1;0;1
it true;0;3;0;3
and emotional;0;1;0;1
on the surface;0;1;0;1
already seen;0;2;0;2
and then there;0;1;0;1
better in;0;1;0;1
enough charm;0;1;0;1
falls short of;0;1;0;1
infuses;0;1;0;1
it technically;0;1;0;1
and sandra;0;2;0;2
emerging;0;1;0;1
farm;0;1;0;1
is ultimately;0;2;0;2
lathan and;0;1;0;1
more enjoyable;0;1;0;1
eileen;0;1;0;1
intelligently;0;1;0;1
cent;0;1;0;1
or an;0;1;0;1
and company;0;1;0;1
bible;0;1;0;1
compared;0;1;0;1
compared to;0;1;0;1
lab;0;1;0;1
love stories;0;2;0;2
and off;0;1;0;1
last time saw;0;1;0;1
gets bogged down;0;1;0;1
leisurely;0;2;0;2
manner and;0;1;0;1
one sided;0;3;0;3
opportunism;0;1;0;1
piece of business;0;1;0;1
cheek attitude;0;1;0;1
of good acting;0;1;0;1
discourse;0;1;0;1
discourse on;0;1;0;1
exuberance;0;1;0;1
exuberant;0;1;0;1
lead actors;0;1;0;1
needy;0;1;0;1
neglected;0;1;0;1
offend;0;1;0;1
doesn offer much;0;1;0;1
innocent;0;1;0;1
alabama;0;1;0;1
hanna;0;1;0;1
message;0;2;0;2
message about;0;2;0;2
poignant;0;1;0;1
are left;0;1;0;1
movie that doesn;0;1;0;1
is born;0;1;0;1
its plot;0;1;0;1
of all is;0;1;0;1
or any other;0;1;0;1
or anything;0;1;0;1
along with;0;1;0;1
beautifully;0;1;0;1
into your heart;0;1;0;1
keenly;0;1;0;1
keenly observed;0;1;0;1
logic or;0;1;0;1
believe the;0;1;0;1
neatly;0;1;0;1
1970s;0;3;0;3
1995;0;1;0;1
be great;0;2;0;2
be hard;0;1;0;1
desired;0;1;0;1
doing something;0;1;0;1
may get;0;1;0;1
otherwise this;0;1;0;1
otherworldly;0;1;0;1
images that;0;1;0;1
mike is;0;1;0;1
not movie;0;1;0;1
of sitting;0;1;0;1
and change;0;1;0;1
its unsettling;0;2;0;2
longing;0;1;0;1
portrait of;0;1;0;1
only it;0;2;0;2
of trouble every;0;1;0;1
and ms;0;1;0;1
big and;0;1;0;1
execution;0;1;0;1
film in;0;1;0;1
for most;0;1;0;1
its big;0;1;0;1
minute running time;0;1;0;1
of lost;0;1;0;1
playful;0;2;0;2
impossible to look;0;1;0;1
it nowhere;0;1;0;1
fewer laughs;0;1;0;1
handedness;0;1;0;1
his collaborators;0;1;0;1
as two;0;1;0;1
blunt;0;1;0;1
chase that;0;1;0;1
events and;0;1;0;1
kaufman script is;0;1;0;1
daughters and;0;1;0;1
it should have;0;1;0;1
melodramatic;0;1;0;1
break the;0;1;0;1
brilliantly;0;1;0;1
brim;0;1;0;1
davis;0;1;0;1
artistic;0;1;0;1
has all the;0;1;0;1
many movies;0;1;0;1
mild;0;1;0;1
place in;0;1;0;1
it is funny;0;1;0;1
nice to see;0;1;0;1
amusing for;0;1;0;1
blow it;0;1;0;1
janice;0;1;0;1
actors have;0;1;0;1
elbows;0;1;0;1
filled;0;1;0;1
movie going;0;1;0;1
as predictable as;0;1;0;1
blue crush is;0;2;0;2
it deserves;0;1;0;1
anchored by;0;1;0;1
grew up on;0;1;0;1
is kind;0;2;0;2
nor does it;0;1;0;1
adolescent;0;1;0;1
grant and sandra;0;1;0;1
is faithful to;0;1;0;1
never to;0;1;0;1
effortless;0;1;0;1
beyond her;0;1;0;1
crass;0;1;0;1
amusing;0;1;0;1
be just;0;1;0;1
it is refreshingly;0;1;0;1
its storyline;0;4;0;4
moment in the;0;1;0;1
4ever is;0;2;0;2
immediate;0;1;0;1
all in all;0;1;0;1
horribly wrong;0;1;0;1
and despite;0;1;0;1
guillen;0;1;0;1
has its;0;1;0;1
liked it;0;1;0;1
love is;0;1;0;1
new york;0;1;0;1
of well;0;1;0;1
is far less;0;1;0;1
my cat;0;1;0;1
from her;0;1;0;1
from his;0;1;0;1
overly complicated;0;1;0;1
lighter;0;1;0;1
grounded;0;1;0;1
own head;0;2;0;2
energetic and;0;1;0;1
opens today;0;1;0;1
has one;0;1;0;1
humour and;0;1;0;1
is saved from;0;1;0;1
it sets out;0;2;0;2
it should;0;2;0;2
decadent;0;1;0;1
few new;0;1;0;1
aren likely to;0;2;0;2
doesn offer;0;1;0;1
is easier to;0;2;0;2
is effective;0;2;0;2
of anything;0;1;0;1
an air of;0;1;0;1
an album;0;1;0;1
adapted from;0;1;0;1
at once;0;1;0;1
finds the;0;1;0;1
following up;0;1;0;1
aching;0;1;0;1
it not very;0;1;0;1
kids but;0;1;0;1
all the more;0;1;0;1
chest;0;1;0;1
documentary can;0;1;0;1
its intended audience;0;1;0;1
and that is;0;1;0;1
compelling coming;0;1;0;1
mush;0;2;0;2
fleetingly;0;1;0;1
like they re;0;1;0;1
13 rating;0;1;0;1
as the movie;0;1;0;1
pour;0;1;0;1
abuses;0;1;0;1
campaign;0;1;0;1
notions;0;1;0;1
be poignant;0;2;0;2
from ever;0;1;0;1
holding;0;1;0;1
is more;0;2;0;2
joke at;0;1;0;1
of river;0;2;0;2
find much;0;1;0;1
good natured and;0;3;0;3
outrageously;0;1;0;1
its heart is;0;1;0;1
bent;0;1;0;1
it rare to;0;1;0;1
it rarely;0;1;0;1
and boring;0;1;0;1
falters;0;1;0;1
is plenty;0;2;0;2
its story;0;1;0;1
its story about;0;1;0;1
music to;0;1;0;1
one man;0;2;0;2
joy to;0;1;0;1
but boyd;0;1;0;1
co wrote the;0;2;0;2
killed my;0;1;0;1
is bit;0;1;0;1
is blast;0;1;0;1
is enlightening;0;1;0;1
it familiar;0;1;0;1
partly;0;2;0;2
boat;0;1;0;1
boats;0;1;0;1
forgettable that it;0;1;0;1
funny it;0;1;0;1
of thoughtful;0;1;0;1
and hard;0;1;0;1
and hardy;0;1;0;1
and beauty;0;1;0;1
can be;0;2;0;2
can be as;0;2;0;2
for fans of;0;1;0;1
his actors;0;1;0;1
patchwork;0;1;0;1
predecessor;0;2;0;2
primary;0;2;0;2
lunch;0;1;0;1
lurid;0;1;0;1
now;0;1;0;1
now and;0;1;0;1
of death in;0;1;0;1
all is the;0;2;0;2
all its;0;2;0;2
english;0;1;0;1
episode;0;2;0;2
out when;0;1;0;1
and talent;0;1;0;1
no major;0;1;0;1
page;0;1;0;1
potent;0;1;0;1
demons;0;1;0;1
of imagery and;0;1;0;1
compendium;0;1;0;1
by this;0;1;0;1
is the way;0;1;0;1
planet;0;1;0;1
do we really;0;1;0;1
its wake;0;1;0;1
nature film;0;1;0;1
of theatrical;0;1;0;1
just about the;0;1;0;1
of one man;0;1;0;1
idea;0;1;0;1
leads are;0;1;0;1
never settles;0;1;0;1
folks;0;1;0;1
believing;0;2;0;2
belly;0;1;0;1
dazzle;0;1;0;1
creative process;0;1;0;1
may find it;0;1;0;1
done that;0;3;0;3
irwin and his;0;1;0;1
it inoffensive;0;1;0;1
next generation;0;1;0;1
he had;0;2;0;2
about god;0;1;0;1
about the benjamins;0;2;0;2
acted and well;0;1;0;1
auditorium;0;1;0;1
if there;0;1;0;1
and suspense;0;1;0;1
balletic;0;3;0;3
minutes but;0;1;0;1
and his;0;1;0;1
houses;0;1;0;1
lo;0;2;0;2
one form;0;1;0;1
an avalanche;0;1;0;1
bracing;0;1;0;1
doesn have;0;1;0;1
fantasy;0;1;0;1
it holds;0;1;0;1
perfect example of;0;1;0;1
pleasurable;0;1;0;1
pleasure;0;1;0;1
formula;0;1;0;1
examines;0;1;0;1
fu;0;1;0;1
fu pictures;0;1;0;1
of just how;0;1;0;1
cooper;0;2;0;2
cop;0;2;0;2
in almost;0;1;0;1
incapable of;0;1;0;1
never heard;0;2;0;2
actually;0;1;0;1
drives;0;1;0;1
jokes about;0;1;0;1
anything resembling;0;1;0;1
appalling;0;1;0;1
apparatus;0;1;0;1
his first;0;1;0;1
makes it seem;0;2;0;2
makes it worth;0;2;0;2
dissing;0;1;0;1
is told;0;1;0;1
both sides;0;1;0;1
both sides of;0;1;0;1
cohesion;0;1;0;1
is hard to;0;1;0;1
is hardly;0;1;0;1
keep your;0;1;0;1
old boy;0;1;0;1
images but;0;1;0;1
long as;0;2;0;2
made and;0;1;0;1
and mr;0;1;0;1
and original;0;1;0;1
film since;0;1;0;1
film sits;0;1;0;1
girl;0;1;0;1
out from;0;1;0;1
paul bettany is;0;1;0;1
paul cox;0;1;0;1
master to;0;3;0;3
only so;0;1;0;1
character;0;1;0;1
damage;0;1;0;1
as they are;0;1;0;1
not to see;0;1;0;1
compliment;0;2;0;2
is otherwise;0;1;0;1
easily be;0;2;0;2
jones;0;2;0;2
american beauty;0;1;0;1
color music;0;1;0;1
in post;0;1;0;1
fifteen;0;1;0;1
female;0;1;0;1
headed;0;1;0;1
is less;0;1;0;1
is less than;0;1;0;1
parking lot;0;1;0;1
and coming;0;2;0;2
butterworth;0;1;0;1
it definitely;0;1;0;1
it delivers;0;1;0;1
kissing;0;1;0;1
languorous;0;1;0;1
none;0;1;0;1
american pie;0;1;0;1
countless other;0;1;0;1
it straight;0;1;0;1
but in trying;0;1;0;1
came up with;0;1;0;1
dickens;0;1;0;1
grave;0;1;0;1
its focus;0;1;0;1
its good;0;1;0;1
and compelling;0;1;0;1
and how it;0;2;0;2
assigned;0;2;0;2
film wasn;0;1;0;1
ian holm;0;1;0;1
leads to;0;1;0;1
middle;0;1;0;1
much an;0;1;0;1
can put;0;1;0;1
estrogen;0;1;0;1
daily grind;0;1;0;1
henry kissinger;0;2;0;2
but it is;0;2;0;2
but it isn;0;2;0;2
is funny;0;1;0;1
languid;0;1;0;1
parallels;0;1;0;1
paramount;0;1;0;1
impatiently;0;1;0;1
jersey;0;1;0;1
jesse;0;1;0;1
long and;0;1;0;1
nuances of;0;1;0;1
all means;0;1;0;1
and touching;0;1;0;1
and tragedy;0;1;0;1
detachment;0;1;0;1
emphasis;0;1;0;1
from every pore;0;1;0;1
from frame one;0;1;0;1
in originality;0;1;0;1
love story but;0;1;0;1
acted tale;0;1;0;1
around with;0;1;0;1
friendship love;0;1;0;1
phrase;0;1;0;1
crimes is;0;2;0;2
deviant;0;1;0;1
movie as whole;0;1;0;1
pretty decent;0;1;0;1
celebrates the;0;1;0;1
corpse;0;1;0;1
of romantic;0;1;0;1
of typical;0;1;0;1
of uncompromising;0;1;0;1
pompous;0;1;0;1
come from;0;1;0;1
director charles;0;1;0;1
amount;0;1;0;1
badly made;0;1;0;1
bridge is;0;1;0;1
dangers of;0;1;0;1
grow up;0;1;0;1
characterized;0;1;0;1
divine secrets of;0;1;0;1
playing;0;1;0;1
bad boy;0;1;0;1
is virtually;0;2;0;2
clashing cultures;0;1;0;1
clashing cultures and;0;1;0;1
emotions and;0;1;0;1
not so;0;1;0;1
plenty;0;1;0;1
plenty of;0;1;0;1
predicament;0;1;0;1
jarring;0;1;0;1
larky;0;1;0;1
and scored;0;1;0;1
beloved;0;1;0;1
chronicle of the;0;1;0;1
life it;0;1;0;1
absolutely no;0;1;0;1
believe it;0;1;0;1
believe it or;0;1;0;1
austin powers films;0;1;0;1
flick you;0;1;0;1
it an enjoyable;0;1;0;1
of every;0;1;0;1
fighting;0;1;0;1
between not;0;1;0;1
have hoped;0;1;0;1
in it to;0;2;0;2
nifty;0;3;0;3
be disappointed;0;2;0;2
improvise;0;1;0;1
mom and dad;0;2;0;2
have you;0;1;0;1
is utterly;0;1;0;1
except for the;0;1;0;1
find yourself;0;1;0;1
for movie to;0;3;0;3
fueled;0;1;0;1
it such;0;2;0;2
deeply;0;1;0;1
it the worst;0;1;0;1
about couple;0;1;0;1
collect;0;1;0;1
eccentricity;0;1;0;1
george clooney;0;1;0;1
intelligence that;0;1;0;1
memorable but;0;1;0;1
humorless;0;2;0;2
is movie about;0;1;0;1
brutally honest;0;2;0;2
attendant;0;1;0;1
attending;0;1;0;1
experiencia;0;1;0;1
experiment;0;1;0;1
not for the;0;3;0;3
people who take;0;1;0;1
has something to;0;1;0;1
director;0;1;0;1
fallen;0;1;0;1
film is an;0;1;0;1
need the;0;1;0;1
orbits;0;1;0;1
orchard;0;1;0;1
power;0;1;0;1
might;0;1;0;1
films have;0;1;0;1
at times too;0;1;0;1
familiar;0;2;0;2
monsoon;0;1;0;1
big trouble;0;1;0;1
cat;0;1;0;1
holofcener;0;1;0;1
hoped;0;2;0;2
implies;0;1;0;1
lane;0;1;0;1
been to;0;1;0;1
chaplin;0;1;0;1
gut;0;1;0;1
improve;0;1;0;1
machine that;0;1;0;1
movies are;0;1;0;1
from little screen;0;1;0;1
not only to;0;1;0;1
discarded;0;1;0;1
freak;0;1;0;1
in real;0;1;0;1
lectures;0;1;0;1
load of;0;1;0;1
artist of;0;1;0;1
drama set;0;1;0;1
parmentier;0;2;0;2
parochial;0;1;0;1
is only;0;1;0;1
by gianni;0;1;0;1
meditation on the;0;1;0;1
actually quite;0;1;0;1
fat liar;0;2;0;2
fine;0;1;0;1
forever;0;1;0;1
ingredients;0;1;0;1
ingredients into;0;1;0;1
it on;0;1;0;1
it one;0;1;0;1
kind of way;0;1;0;1
plot is so;0;1;0;1
poverty and;0;1;0;1
before his;0;2;0;2
more than four;0;1;0;1
of whether;0;1;0;1
but take;0;1;0;1
education;0;1;0;1
everyday;0;1;0;1
is back;0;5;0;5
almost makes;0;1;0;1
articulates;0;1;0;1
chronicles;0;1;0;1
flat;0;1;0;1
head or;0;1;0;1
indians;0;1;0;1
merry;0;1;0;1
his medium and;0;1;0;1
make us care;0;1;0;1
money the;0;2;0;2
across the;0;1;0;1
complete lack of;0;1;0;1
drivel;0;1;0;1
chicago is;0;1;0;1
expressive;0;1;0;1
exquisite;0;1;0;1
and enjoy the;0;1;0;1
cautionary tale about;0;1;0;1
lily chou;0;1;0;1
memories of;0;1;0;1
of too;0;1;0;1
freddy got fingered;0;1;0;1
heart on its;0;1;0;1
inconsistencies;0;1;0;1
journey into;0;1;0;1
more challenging;0;1;0;1
piccoli;0;1;0;1
and creating;0;1;0;1
confessions of;0;1;0;1
most hard hearted;0;1;0;1
precious;0;1;0;1
precious little;0;1;0;1
is like the;0;1;0;1
it just plain;0;1;0;1
mama tambien;0;1;0;1
mamet;0;1;0;1
of genres;0;1;0;1
of genres that;0;1;0;1
club;0;1;0;1
films but;0;1;0;1
captivating and;0;1;0;1
lil bow;0;1;0;1
curious;0;2;0;2
landscape and;0;1;0;1
could change;0;1;0;1
as hard;0;1;0;1
masterpiece but;0;1;0;1
filmmaking that;0;1;0;1
of the genre;0;1;0;1
movie doesn;0;1;0;1
amor;0;1;0;1
birthday;0;1;0;1
having the;0;1;0;1
out with;0;1;0;1
about loss;0;1;0;1
charmless;0;1;0;1
linking;0;1;0;1
lint;0;1;0;1
brown;0;1;0;1
but what;0;1;0;1
cliche in;0;1;0;1
most remarkable;0;1;0;1
london;0;1;0;1
on their own;0;1;0;1
bio pic;0;1;0;1
complicated emotions;0;1;0;1
it fun;0;1;0;1
anymore;0;1;0;1
dose of;0;1;0;1
exaggerated;0;1;0;1
on the soundtrack;0;1;0;1
bourne;0;1;0;1
catholic;0;1;0;1
for movie;0;2;0;2
have passion;0;1;0;1
have no problem;0;1;0;1
is cletis tout;0;1;0;1
is clever;0;1;0;1
an energetic;0;1;0;1
an energy;0;1;0;1
gamesmanship;0;1;0;1
gamut;0;1;0;1
genre picture;0;2;0;2
anything more;0;2;0;2
baffled;0;1;0;1
enjoying;0;1;0;1
her fans;0;1;0;1
her film;0;1;0;1
obsessive;0;1;0;1
could the;0;1;0;1
discomfort;0;1;0;1
discontent;0;1;0;1
moments of;0;1;0;1
culture that;0;1;0;1
equal parts;0;3;0;3
is balanced;0;1;0;1
parts in;0;1;0;1
collapse;0;1;0;1
collapses;0;1;0;1
just enough;0;1;0;1
action;0;1;0;1
chris columbus;0;1;0;1
an acquired taste;0;1;0;1
gives this;0;1;0;1
mythic;0;1;0;1
almost everyone;0;2;0;2
it and;0;1;0;1
collectively;0;2;0;2
expose;0;1;0;1
it made;0;1;0;1
parody;0;1;0;1
its own right;0;1;0;1
iwai;0;1;0;1
jack;0;1;0;1
it ain;0;1;0;1
and relatively;0;1;0;1
and satisfying;0;1;0;1
is does not;0;1;0;1
of this well;0;1;0;1
painful to watch;0;1;0;1
poetic than;0;1;0;1
marks the;0;1;0;1
and charismatic;0;1;0;1
do they;0;1;0;1
duty and;0;1;0;1
duvall;0;1;0;1
eight crazy nights;0;1;0;1
for better;0;1;0;1
itself it;0;1;0;1
attitude;0;1;0;1
characters have;0;1;0;1
hollywood satire;0;1;0;1
make them;0;1;0;1
much of this;0;1;0;1
nicholas nickleby;0;1;0;1
of the modern;0;1;0;1
or something like;0;1;0;1
it will;0;1;0;1
film about growing;0;1;0;1
get there;0;1;0;1
get through;0;1;0;1
makes no;0;1;0;1
performance and;0;1;0;1
does leave you;0;1;0;1
does little;0;1;0;1
it becomes;0;1;0;1
aspirations to;0;1;0;1
friendship;0;1;0;1
on one;0;1;0;1
but it more;0;1;0;1
but overall;0;1;0;1
by friel;0;2;0;2
characterizations;0;1;0;1
gives it;0;1;0;1
keep this;0;1;0;1
of folks;0;1;0;1
for us;0;1;0;1
own story;0;1;0;1
paper thin;0;1;0;1
figuring;0;1;0;1
burn;0;1;0;1
despite all;0;1;0;1
despite an;0;1;0;1
american chai;0;1;0;1
are on the;0;1;0;1
artsy;0;1;0;1
great one;0;2;0;2
great performances;0;1;0;1
presence;0;1;0;1
of the original;0;1;0;1
least it;0;1;0;1
of people who;0;1;0;1
pretentious mess;0;1;0;1
academy;0;1;0;1
aficionados;0;1;0;1
and darkly funny;0;1;0;1
as interesting;0;1;0;1
it real;0;1;0;1
makes for;0;1;0;1
20;0;1;0;1
26;0;1;0;1
30;0;1;0;1
300;0;1;0;1
it has become;0;1;0;1
listen;0;1;0;1
mortality;0;1;0;1
napoleon;0;1;0;1
nod;0;1;0;1
of this or;0;1;0;1
performance that;0;1;0;1
post 11;0;1;0;1
enter;0;1;0;1
enter here;0;1;0;1
ever wondered;0;1;0;1
eyelids;0;1;0;1
glued to;0;1;0;1
hinges on;0;1;0;1
longest yard;0;1;0;1
on display;0;1;0;1
on with;0;1;0;1
else in;0;1;0;1
apparent that;0;1;0;1
doesn do;0;1;0;1
liberating;0;1;0;1
any good;0;1;0;1
good but;0;1;0;1
de las;0;1;0;1
his debut;0;1;0;1
biggest problem with;0;1;0;1
is that;0;1;0;1
of sensitive;0;1;0;1
and dare;0;2;0;2
event that;0;1;0;1
few;0;1;0;1
damaged;0;1;0;1
he makes;0;1;0;1
it haunts;0;1;0;1
it seems like;0;1;0;1
blessed with;0;1;0;1
but it grows;0;2;0;2
but it hard;0;2;0;2
leading;0;1;0;1
marine;0;1;0;1
knew;0;2;0;2
an interest in;0;2;0;2
comes through;0;1;0;1
hard to be;0;1;0;1
odor;0;1;0;1
period piece;0;1;0;1
period trappings;0;1;0;1
and parmentier;0;1;0;1
at the very;0;1;0;1
develop;0;1;0;1
be commended for;0;1;0;1
crazy but;0;1;0;1
heavy doses;0;1;0;1
of good intentions;0;1;0;1
jackson is;0;1;0;1
movies as;0;1;0;1
can do is;0;1;0;1
forgive;0;1;0;1
forgive the;0;1;0;1
cooker;0;2;0;2
discovery channel;0;1;0;1
discovery of;0;1;0;1
heidi;0;1;0;1
love triangle;0;1;0;1
intense freight train;0;1;0;1
longer;0;2;0;2
longest;0;1;0;1
on and the;0;1;0;1
hellish;0;1;0;1
his role;0;1;0;1
certain charm;0;1;0;1
for country;0;1;0;1
hard;0;1;0;1
ideas and;0;1;0;1
movie like;0;1;0;1
place it;0;1;0;1
place that;0;1;0;1
at that;0;1;0;1
convince;0;1;0;1
good dialogue;0;1;0;1
plain;0;1;0;1
posing;0;2;0;2
all of the;0;2;0;2
female friendship;0;1;0;1
feminine;0;1;0;1
neither as funny;0;1;0;1
documentary about the;0;1;0;1
gave;0;1;0;1
bow wow;0;1;0;1
conviction that;0;1;0;1
escapist;0;1;0;1
intelligence;0;1;0;1
it doesn need;0;1;0;1
family movies;0;1;0;1
obligatory;0;1;0;1
amy orgasm;0;1;0;1
illustrates;0;1;0;1
grownups;0;1;0;1
is the kind;0;1;0;1
panoramic;0;1;0;1
paul;0;1;0;1
been presented;0;1;0;1
end all;0;1;0;1
moments when;0;1;0;1
pesky;0;1;0;1
fantasy adventure;0;1;0;1
essence;0;1;0;1
can go;0;2;0;2
full;0;1;0;1
and nothing;0;1;0;1
doubt it;0;1;0;1
end you;0;1;0;1
down to earth;0;1;0;1
for instance;0;1;0;1
is diverting;0;1;0;1
above;0;1;0;1
and for the;0;1;0;1
further;0;1;0;1
manages to bring;0;1;0;1
over his;0;1;0;1
characters and;0;1;0;1
at 80 minutes;0;2;0;2
firmly believe;0;1;0;1
from elysian;0;1;0;1
ichi the killer;0;1;0;1
julie taymor;0;1;0;1
both an;0;1;0;1
in way that;0;1;0;1
message in;0;1;0;1
plausible;0;3;0;3
play;0;2;0;2
of castro;0;1;0;1
been better off;0;1;0;1
drooling;0;1;0;1
is an actress;0;1;0;1
on par;0;1;0;1
on par with;0;1;0;1
goers;0;3;0;3
how to make;0;3;0;3
lead performances;0;2;0;2
as comedy;0;1;0;1
but the most;0;1;0;1
of the greatest;0;1;0;1
angle;0;1;0;1
but at least;0;1;0;1
it brings;0;1;0;1
jeong;0;1;0;1
balkans;0;1;0;1
charisma and;0;1;0;1
emerges from;0;1;0;1
if this;0;1;0;1
emperor club;0;1;0;1
as metaphor;0;1;0;1
dashing;0;2;0;2
destroying;0;1;0;1
destruction;0;1;0;1
and captures;0;1;0;1
can save;0;1;0;1
never rises;0;1;0;1
has crafted;0;1;0;1
denis;0;1;0;1
denizens;0;1;0;1
in his;0;1;0;1
movie but;0;1;0;1
an alternately;0;1;0;1
dreck;0;1;0;1
driver;0;1;0;1
helps;0;1;0;1
bloated;0;2;0;2
but veers;0;1;0;1
for all its;0;1;0;1
is what;0;1;0;1
kline;0;1;0;1
of story;0;1;0;1
peralta;0;1;0;1
particularly;0;1;0;1
almost;0;1;0;1
an audience;0;1;0;1
edgy;0;1;0;1
everyone should be;0;2;0;2
inuit;0;1;0;1
almost enough;0;1;0;1
excursion into;0;1;0;1
endeavor;0;1;0;1
dull lifeless and;0;1;0;1
every sense of;0;1;0;1
luster;0;1;0;1
enthusiasm;0;1;0;1
one of shakespeare;0;1;0;1
others in;0;2;0;2
others may;0;1;0;1
others may find;0;1;0;1
all you;0;1;0;1
bowling for;0;1;0;1
as well;0;1;0;1
by his;0;1;0;1
for the ways;0;1;0;1
jason;0;1;0;1
alternative;0;1;0;1
holly and marina;0;1;0;1
its strengths;0;1;0;1
between them;0;1;0;1
it does so;0;1;0;1
actors involved;0;1;0;1
joyous;0;1;0;1
line between;0;1;0;1
pickup;0;1;0;1
for each;0;1;0;1
most viewers;0;1;0;1
aspects;0;1;0;1
jack nicholson;0;1;0;1
like it;0;1;0;1
but in the;0;1;0;1
costumes and;0;1;0;1
locales and;0;1;0;1
american comedy;0;1;0;1
of the camera;0;1;0;1
probes the;0;2;0;2
parts of the;0;1;0;1
develops into;0;1;0;1
depth and;0;1;0;1
adaptation is;0;1;0;1
and heart;0;1;0;1
is top;0;1;0;1
as hip;0;1;0;1
bartleby;0;1;0;1
on my;0;1;0;1
about as interesting;0;1;0;1
grace of;0;1;0;1
it has just;0;1;0;1
no reason to;0;1;0;1
hold;0;1;0;1
line the;0;1;0;1
points for;0;1;0;1
points for originality;0;1;0;1
21;0;1;0;1
has gone before;0;1;0;1
hart war;0;1;0;1
in an attempt;0;1;0;1
instead comes;0;1;0;1
it mostly;0;1;0;1
loyalty;0;1;0;1
many;0;1;0;1
over the head;0;1;0;1
an image;0;1;0;1
fun for;0;1;0;1
in every regard;0;1;0;1
it necessary;0;1;0;1
or personality;0;1;0;1
few films;0;1;0;1
issue;0;1;0;1
plot is;0;1;0;1
an ending;0;1;0;1
commercial for;0;1;0;1
drunken;0;1;0;1
if the filmmakers;0;1;0;1
in the execution;0;1;0;1
poets;0;1;0;1
an average;0;1;0;1
and crazy;0;1;0;1
cheese and;0;1;0;1
in all the;0;1;0;1
looks;0;1;0;1
misogyny;0;1;0;1
never been;0;1;0;1
an audacious;0;1;0;1
antonio;0;1;0;1
charged with;0;1;0;1
contributed;0;1;0;1
is sorely;0;1;0;1
of dragonfly;0;1;0;1
humanizing;0;1;0;1
bartlett;0;1;0;1
comically;0;2;0;2
comics;0;1;0;1
as result;0;1;0;1
as roman;0;1;0;1
even at;0;1;0;1
is one;0;1;0;1
and almost;0;1;0;1
appreciates;0;1;0;1
of humanity;0;1;0;1
and second;0;1;0;1
an hour in;0;1;0;1
like series of;0;1;0;1
afterthought;0;1;0;1
cheated;0;1;0;1
explosions and;0;1;0;1
footage is;0;1;0;1
it enough;0;1;0;1
never manages to;0;1;0;1
of its premise;0;1;0;1
comedy makes;0;1;0;1
conspiracies and;0;1;0;1
human;0;1;0;1
haphazard;0;1;0;1
built;0;1;0;1
look at one;0;1;0;1
but it may;0;1;0;1
cross country;0;1;0;1
is patient;0;1;0;1
offering;0;1;0;1
all fears is;0;1;0;1
correctness but it;0;1;0;1
imax screen;0;1;0;1
on television;0;1;0;1
itself too;0;1;0;1
an effectively;0;1;0;1
gives human;0;1;0;1
must see for;0;1;0;1
out on;0;1;0;1
overall the;0;1;0;1
has some;0;1;0;1
it appears that;0;1;0;1
am trying;0;1;0;1
are its;0;1;0;1
by some of;0;1;0;1
good at;0;1;0;1
and scenes;0;1;0;1
by young;0;1;0;1
byatt;0;1;0;1
brisk;0;1;0;1
hide;0;1;0;1
can handle;0;1;0;1
comedy doesn;0;1;0;1
not as;0;1;0;1
and all the;0;1;0;1
downright;0;1;0;1
mr deeds is;0;1;0;1
and shoot;0;1;0;1
leaks out of;0;1;0;1
price for;0;1;0;1
12;0;1;0;1
about as;0;1;0;1
black hawk;0;1;0;1
black hawk down;0;1;0;1
black hole;0;1;0;1
clockstoppers;0;1;0;1
director jay;0;1;0;1
fence;0;1;0;1
and abstract;0;1;0;1
arduous;0;1;0;1
ballistic ecks;0;1;0;1
ballistic ecks vs;0;1;0;1
ballistic is;0;1;0;1
defeated;0;1;0;1
has all;0;1;0;1
hotter;0;1;0;1
hour;0;1;0;1
is ironically;0;1;0;1
leblanc;0;1;0;1
of character and;0;1;0;1
and diggs;0;1;0;1
course for;0;1;0;1
although;0;1;0;1
absorbing look;0;1;0;1
history of the;0;1;0;1
instantly;0;1;0;1
painful;0;1;0;1
bizarre to;0;1;0;1
his most;0;1;0;1
not one;0;1;0;1
cartoonish;0;1;0;1
in almost every;0;1;0;1
mildly entertaining;0;1;0;1
is essentially;0;1;0;1
about the characters;0;1;0;1
as action;0;1;0;1
be among;0;1;0;1
hear the;0;1;0;1
is fun and;0;1;0;1
misty;0;1;0;1
animated feature;0;1;0;1
beaten;0;1;0;1
and violence;0;1;0;1
almost everything;0;1;0;1
and heart wrenching;0;1;0;1
asian;0;1;0;1
disappointingly generic;0;1;0;1
his;0;1;0;1
in by the;0;1;0;1
developed characters;0;1;0;1
illogic;0;1;0;1
in fact;0;1;0;1
badness;0;1;0;1
but fails;0;1;0;1
but fails to;0;1;0;1
heads;0;1;0;1
in the role;0;1;0;1
anything remotely;0;1;0;1
its heart and;0;1;0;1
pastel;0;1;0;1
desiccated;0;1;0;1
of wilde;0;1;0;1
have good time;0;1;0;1
it impossible;0;1;0;1
masterpiece;0;1;0;1
endlessly;0;1;0;1
know how to;0;1;0;1
on for too;0;1;0;1
are plenty of;0;1;0;1
filth;0;1;0;1
poetry in;0;1;0;1
and determined;0;1;0;1
frame of mind;0;1;0;1
looking like;0;1;0;1
never become;0;1;0;1
be considered;0;1;0;1
of energy;0;1;0;1
adventure it;0;1;0;1
demonstrates just how;0;1;0;1
in something;0;1;0;1
on america;0;1;0;1
portrays;0;1;0;1
and gets;0;1;0;1
atmospheric;0;2;0;2
but oddly;0;1;0;1
but of;0;1;0;1
of the characters;0;1;0;1
brothers and;0;1;0;1
can quite;0;1;0;1
oodles;0;1;0;1
own cleverness;0;1;0;1
calculating;0;1;0;1
distances;0;1;0;1
furious;0;1;0;1
letter;0;1;0;1
letterman;0;1;0;1
movie this is;0;1;0;1
could benefit from;0;1;0;1
feels less;0;1;0;1
an inconsistent;0;1;0;1
and too short;0;1;0;1
not easy;0;1;0;1
is poised;0;1;0;1
movie that makes;0;1;0;1
pretensions;0;1;0;1
beginning with;0;1;0;1
costume;0;1;0;1
mothman;0;1;0;1
and sharp;0;1;0;1
jonathan parker;0;1;0;1
guzman;0;1;0;1
his touch;0;1;0;1
in the dark;0;1;0;1
place but;0;1;0;1
is bad;0;1;0;1
is the first;0;1;0;1
knowledge that;0;1;0;1
mostly martha;0;1;0;1
bears and;0;1;0;1
hour running time;0;1;0;1
not notice;0;1;0;1
got;0;1;0;1
love this;0;1;0;1
love this movie;0;1;0;1
contest;0;1;0;1
are long;0;1;0;1
back at;0;1;0;1
delusions;0;1;0;1
in its narrative;0;1;0;1
plainly;0;1;0;1
avary;0;1;0;1
more than few;0;1;0;1
on character;0;1;0;1
howling;0;1;0;1
for film about;0;1;0;1
its spirit;0;1;0;1
movie proves;0;1;0;1
no frills;0;1;0;1
pokes fun at;0;1;0;1
polanski;0;1;0;1
about two;0;1;0;1
baroque;0;1;0;1
greedy;0;1;0;1
home video;0;1;0;1
but think;0;1;0;1
but this;0;1;0;1
go but;0;1;0;1
have you believe;0;1;0;1
